1899.437127,217.5143392
1842.533847,180.1285094
1788.984132,134.9563523
1748.714136,93.54917844
1716.841149,35.79556882
1712.720671,26.40075338
1709.802205,20.36405533
1707.504227,15.78629601
1705.55881,12.58209126
1704.465229,10.85187236
1703.381768,10.18201957
1702.434969,9.373346498
1701.44976,7.974743201
1700.57648,7.191877372
1700.021958,7.069704789
1699.566238,6.730657925
1698.953131,6.317814626
1698.457371,6.067293617
1697.910691,5.907746948
1697.38283,5.656744754
1696.878306,5.137245595
1696.441758,4.752013175
1696.125882,4.869346955
1695.782755,5.013413054
1695.359914,4.650956847
1694.995386,4.325391677
1694.658221,3.940879793
1694.43788,4.115591687
1694.159704,3.990159319
1693.899838,4.164158526
1693.627568,3.939426566
1693.36405,3.599991797
1693.15915,3.460906937
1693.004457,3.547725209
1692.78469,3.168418265
1692.621319,3.352575536
1692.435088,3.247102476
1692.234846,3.518244559
1692.050731,3.354629786
1691.873021,3.033411124
1691.730619,2.896964864
1691.62552,3.022251865
1691.472434,2.66694045
1691.346882,2.860884817
1691.212985,2.749870354
1691.059744,3.059666157
1690.926889,2.925257808
1690.80074,2.629095911
1690.69803,2.500914672
1690.598828,2.673577478
1690.492506,2.998319062
1690.427027,2.607494066
1690.313163,2.491736387
1690.204824,2.168545379
1690.14278,2.267325271
1690.104582,2.087770664
1690.029704,2.199188298
1689.976068,2.085857194
1689.89632,2.257785617
1689.813697,2.164538352
1689.718584,2.45221392
1689.636403,2.355885723
1689.559098,2.104646161
1689.495822,1.995288379
1689.429553,2.143654547
1689.361107,2.428305874
1689.318202,2.099594287
1689.247017,2.018629537
1689.179307,1.750214329
1689.123097,1.923603894
1689.061758,1.788067666
1689.002334,2.034761433
1688.943527,1.982624285
1688.886842,1.762581782
1688.84303,1.697871158
1688.823696,1.560212278
1688.781182,1.643273896
1688.750867,1.554010751
1688.703604,1.691473334
1688.658167,1.594276455
1688.607265,1.82819434
1688.562403,1.76478137
1688.519758,1.571030068
1688.486656,1.514552204
1688.447256,1.630164888
1688.408639,1.839165948
1688.385163,1.598344558
1688.345618,1.537658008
1688.307949,1.338242603
1688.274338,1.468531031
1688.240778,1.366749426
1688.206339,1.54862419
1688.173022,1.501805017
1688.141144,1.339890312
1688.117426,1.313476516
1688.095755,1.377995934
1688.067131,1.206077061
1688.038587,1.309905918
1688.013391,1.240692748
1687.983527,1.408222608
1687.957678,1.346043119
1687.933283,1.210280321
1687.915049,1.192157154
1687.891089,1.276593468
1687.867914,1.42848309
1687.84511,1.371322291
1687.829178,1.19239497
1687.806155,1.001772465
1687.792048,1.04772296
1687.771556,1.138924
1687.753607,1.106180405
1687.73454,0.9680515913
1687.713032,1.106263798
1687.695475,1.037893347
1687.682378,1.050238572
1687.665654,0.9252163938
1687.654185,0.9513557554
1687.636724,1.02728831
1687.622585,0.9925790245
1687.607952,0.8829874354
1687.589802,1.012215052
1687.575652,0.9371440624
1687.565345,0.9499478955
1687.552294,0.8486013281
1687.543225,0.8636375098
1687.528511,0.9306650705
1687.517321,0.8979450824
1687.505867,0.8100531777
1687.490485,0.9252719242
1687.479049,0.8470843044
1687.470886,0.8602038653
1687.460722,0.7808185391
1687.453459,0.7859891844
1687.441059,0.845760402
1687.432114,0.8144705422
1687.423112,0.7445686273
1687.410112,0.8475072891
1687.400842,0.7674914433
1687.39427,0.78334946
1687.386165,0.7187893788
1687.380354,0.7157824328
1687.369922,0.7676673506
1687.362751,0.7416066819
1687.355554,0.685763658
1687.344533,0.7762578257
1687.336974,0.6952355797
1687.331691,0.7127611364
1687.325225,0.6626491047
1687.320528,0.6529948863
1687.311731,0.6986866686
1687.305948,0.6748900302
1687.296617,0.7511931109
1687.290868,0.7128234206
1687.284676,0.6319399589
1687.280396,0.6506187041
1687.275223,0.612349819
1687.271401,0.5971745212
1687.263981,0.636588358
1687.2593,0.616713675
1687.251394,0.6841412384
1687.246767,0.6548429383
1687.241681,0.574852228
1687.238186,0.5954265848
1687.233999,0.566377853
1687.23088,0.5467051325
1687.224607,0.5810977004
1687.220792,0.5644354183
1687.214078,0.6249038352
1687.210322,0.6028802911
1687.206125,0.5238549783
1687.203264,0.545991023
1687.199848,0.5246318303
1687.197297,0.4990579785
1687.191985,0.5284381959
1687.188878,0.5161174063
1687.183171,0.5699846527
1687.181572,0.5192022507
1687.178443,0.4984873646
1687.174046,0.5285946936
1687.170489,0.4988156367
1687.165852,0.5512732786
1687.162545,0.4761180271
1687.159803,0.4681899042
1687.15596,0.4961598214
1687.152853,0.471453743
1687.150763,0.4435908654
1687.146729,0.4868433334
1687.144253,0.4796277579
1687.141986,0.4195254708
1687.140098,0.4400117393
1687.136664,0.459104005
1687.133378,0.499893127
1687.132273,0.4606340014
1687.13063,0.4274659262
1687.128216,0.4084968049
1687.126578,0.3801569954
1687.123647,0.4037418842
1687.121834,0.4012793469
1687.118728,0.4289613689
1687.116686,0.4254644562
1687.114593,0.3602928376
1687.112098,0.3832307575
1687.109992,0.3726406478
1687.107431,0.4042310959
1687.105619,0.4039858571
1687.103733,0.336315509
1687.101518,0.3554413937
1687.099706,0.3497627468
1687.097484,0.37971263
1687.095877,0.3826442634
1687.094179,0.3165831422
1687.092217,0.3347841826
1687.090618,0.3302850469
1687.088672,0.3577132862
1687.087225,0.362026826
1687.085697,0.3010593339
1687.083961,0.3172291337
1687.082553,0.3145782393
1687.080843,0.3378537287
1687.079537,0.3420145863
1687.078176,0.2824194436
1687.07664,0.2966245571
1687.075402,0.2972498807
1687.073889,0.3196947017
1687.072711,0.3263569782
1687.071483,0.2689108735
1687.070112,0.2816035203
1687.069007,0.2827499183
1687.067943,0.290186283
1687.067078,0.2534654901
1687.065712,0.2733650551
1687.064494,0.2836030484
1687.063536,0.287113074
1687.062569,0.2951465697
1687.061554,0.2384680378
1687.060356,0.2589479313
1687.059266,0.2672378113
1687.058411,0.272214104
1687.058071,0.2467088079
1687.057178,0.2554196611
1687.05661,0.2275052269
1687.055552,0.2449444671
1687.054576,0.251996789
1687.053801,0.2561629884
1687.053498,0.2321989995
1687.052695,0.2443948899
1687.05218,0.214684805
1687.051236,0.2317093544
1687.050357,0.2376836503
1687.049665,0.243524144
1687.049394,0.2198773666
1687.048667,0.2335832421
1687.048199,0.2037094826
1687.047352,0.2193193312
1687.046563,0.2240699523
1687.045944,0.2308495029
1687.045703,0.2076536279
1687.045045,0.2231057955
1687.044616,0.1937875903
1687.043855,0.2091910961
1687.043141,0.212908898
1687.042589,0.2200561602
1687.042377,0.1974047684
1687.041777,0.2132835212
1687.041387,0.1832807473
1687.040702,0.1977151274
1687.040056,0.2008560268
1687.03956,0.2090212273
1687.03937,0.187063207
1687.038825,0.2040123779
1687.038468,0.1741415037
1687.03785,0.1877256352
1687.037269,0.1903513785
1687.036823,0.1985478452
1687.036654,0.1773763205
1687.036159,0.1948516603
1687.035832,0.1656093419
1687.035271,0.1798363481
1687.034736,0.1815785315
1687.034333,0.1897217419
1687.034182,0.1688443118
1687.033728,0.1868072033
1687.033429,0.1572844463
1687.032923,0.1710652291
1687.032439,0.1713318681
1687.032078,0.1805600317
1687.031943,0.160407771
1687.03153,0.1787518605
1687.031256,0.1495938594
1687.030795,0.1634876203
1687.030353,0.1627007618
1687.030029,0.1717802099
1687.029907,0.1521427367
1687.02953,0.1711549981
1687.029277,0.1428785137
1687.028857,0.1564677322
1687.028453,0.1553405308
1687.02816,0.1646953673
1687.028052,0.1455565844
1687.027704,0.1643591317
1687.027473,0.1357710366
1687.027089,0.1491818025
1687.026719,0.1473899291
1687.026455,0.1566724362
1687.026357,0.138085563
1687.02604,0.1574261775
1687.025827,0.1294102623
1687.025477,0.1426618095
1687.025138,0.1404734091
1687.024899,0.1498717579
1687.02481,0.1318904482
1687.024518,0.151940162
1687.024318,0.1236340858
1687.023997,0.1366848832
1687.023685,0.1340824164
1687.023471,0.1430227609
1687.023391,0.1257144978
1687.023123,0.1457451237
1687.022939,0.1180287668
1687.022646,0.1308410615
1687.02236,0.1278323984
1687.022165,0.136690145
1687.022094,0.119834442
1687.021848,0.1391816132
1687.02168,0.1126822415
1687.02141,0.1255334148
1687.021145,0.122470166
1687.020966,0.1313603716
1687.020901,0.1148027507
1687.020674,0.1342775522
1687.020518,0.1079769301
1687.020271,0.1205196667
1687.020028,0.1165468835
1687.019866,0.1259543294
1687.019807,0.109643143
1687.019598,0.128555586
1687.019454,0.1034878458
1687.019225,0.1164920992
1687.019002,0.111804863
1687.018853,0.1210894538
1687.0188,0.105409428
1687.018606,0.1242274212
1687.018472,0.09876857328
1687.018263,0.1111376851
1687.018056,0.1071381255
1687.017919,0.1158525066
1687.017871,0.101167314
1687.017691,0.1198709009
1687.017567,0.09486581744
1687.017374,0.1075718868
1687.017183,0.1021776272
1687.017061,0.110757371
1687.017016,0.09657270369
1687.016851,0.115113105
1687.016735,0.09056878175
1687.016557,0.1030429485
1687.016381,0.09802230492
1687.016268,0.1063558139
1687.016228,0.09257739445
1687.016075,0.1105759804
1687.015967,0.08683609149
1687.015802,0.0996426677
1687.015638,0.09446692925
1687.015534,0.1022975253
1687.015498,0.08900429275
1687.015356,0.1067497484
1687.015256,0.08353091842
1687.015104,0.09561735596
1687.014953,0.09033579164
1687.014858,0.09810607729
1687.014824,0.08519919937
1687.014693,0.1022660421
1687.014601,0.08020663219
1687.01446,0.09274624709
1687.014319,0.0870462599
1687.014231,0.09458723215
1687.014201,0.08183889157
1687.014079,0.09883768457
1687.013993,0.07698127544
1687.013862,0.08946374638
1687.013732,0.08342516132
1687.013652,0.09075188775
1687.013624,0.07850742647
1687.013511,0.09503621505
1687.013431,0.07384567839
1687.01331,0.08606033313
1687.013189,0.08023639164
1687.013115,0.08725697944
1687.01309,0.07543872412
1687.012985,0.09168764672
1687.012911,0.0709736782
1687.012798,0.08285783802
1687.012686,0.07713444145
1687.012618,0.08394891507
1687.012594,0.07233722458
1687.012497,0.08822636036
1687.012427,0.0680885532
1687.012323,0.08022057099
1687.012218,0.07429703709
1687.012156,0.08076721958
1687.012134,0.06959788119
1687.012044,0.08493513961
1687.011979,0.06548817093
1687.011883,0.07730626612
1687.011785,0.07139541993
1687.011727,0.0776701084
1687.011708,0.06687715434
1687.011624,0.08184212252
1687.011564,0.06290611873
1687.011474,0.07465065448
1687.011384,0.06867330255
1687.01133,0.07478796813
1687.011312,0.06426407327
1687.011234,0.07885789109
1687.011178,0.0604657491
1687.011094,0.07218675247
1687.01101,0.06624837193
1687.01096,0.07199193389
1687.010944,0.06177044787
1687.010871,0.07602734357
1687.010819,0.0581633547
1687.010741,0.06975771095
1687.010662,0.06376323735
1687.010617,0.06931144512
1687.010602,0.05945814245
1687.010534,0.07321717917
1687.010485,0.05592207973
1687.010413,0.0671136516
1687.01034,0.06146755311
1687.010297,0.06682500917
1687.010283,0.05728371003
1687.01022,0.07067054715
1687.010175,0.05386132291
1687.010107,0.06506940153
1687.010039,0.0593105929
1687.01,0.06436116202
1687.009987,0.05512731942
1687.009929,0.06810135708
1687.009886,0.05191972987
1687.009823,0.0627885932
1687.00976,0.05728373311
1687.009723,0.0620724448
1687.009711,0.05303681639
1687.009657,0.06566433205
1687.009617,0.04992504461
1687.009559,0.06075394763
1687.009499,0.05522446843
1687.009465,0.05986130428
1687.009454,0.05129370739
1687.009404,0.06345410668
1687.009366,0.04809799242
1687.009312,0.05872575842
1687.009257,0.05313630147
1687.009225,0.05757629951
1687.009215,0.04913524207
1687.009168,0.06107203783
1687.009133,0.04622555328
1687.009083,0.05675406901
1687.009031,0.05139140331
1687.009002,0.05569511889
1687.008992,0.04753422154
1687.008948,0.05901524678
1687.008916,0.04459969647
1687.008868,0.0548987465
1687.008821,0.0494911076
1687.008793,0.05362966416
1687.008785,0.0456634862
1687.008743,0.05688659513
1687.008713,0.04292967191
1687.008669,0.0531252972
1687.008624,0.04794931335
1687.008599,0.0517634445
1687.008591,0.044164223
1687.008552,0.05495820538
1687.008524,0.0415308542
1687.008483,0.05148467468
1687.008441,0.04638058205
1687.008417,0.04998639665
1687.00841,0.0425748481
1687.008374,0.05300268392
1687.008347,0.03998773477
1687.008309,0.04979506827
1687.00827,0.04469973182
1687.008248,0.04815011327
1687.008241,0.04095642642
1687.008208,0.05112962534
1687.008183,0.03848784693
1687.008147,0.04814222446
1687.008111,0.04318180341
1687.00809,0.04646881069
1687.008084,0.03948599385
1687.008052,0.04933539021
1687.008029,0.03711145165
1687.007996,0.04661496188
1687.007962,0.04174939338
1687.007943,0.04484104407
1687.007937,0.03811397694
1687.007908,0.04761349792
1687.007886,0.03577222687
1687.007855,0.04509192494
1687.007823,0.04027827635
1687.007805,0.04324622164
1687.0078,0.03669342785
1687.007772,0.0459379297
1687.007752,0.03449178152
1687.007723,0.04366740613
1687.007693,0.03900021993
1687.007677,0.04177538878
1687.007672,0.03548339416
1687.007646,0.04436939844
1687.007627,0.03330075529
1687.0076,0.04224549592
1687.007572,0.03767226662
1687.007557,0.04030950423
1687.007552,0.03420283899
1687.007528,0.04281152309
1687.00751,0.03209137605
1687.007485,0.04088503203
1687.007459,0.0364060317
1687.007445,0.03889281206
1687.00744,0.03298792121
1687.007418,0.04132146805
1687.007401,0.03094451656
1687.007378,0.03956360052
1687.007354,0.03518522535
1687.00734,0.03754641767
1687.007336,0.03181825762
1687.007315,0.03988608273
1687.0073,0.02983919225
1687.007277,0.03829151333
1687.007255,0.03401169159
1687.007242,0.03623850943
1687.007238,0.03069812632
1687.007219,0.03850831765
1687.007204,0.02878259098
1687.007184,0.03706150145
1687.007163,0.03287940493
1687.007151,0.03499215391
1687.007147,0.02961822835
1687.007129,0.03717898332
1687.007115,0.02776342779
1687.007096,0.03587532604
1687.007076,0.03179003498
1687.007065,0.03378204493
1687.007062,0.02858348466
1687.007045,0.03590182516
1687.007032,0.02678763434
1687.007014,0.03472702069
1687.006996,0.03073808186
1687.006985,0.03262640004
1687.006982,0.02758482945
1687.006966,0.03466785536
1687.006955,0.02584587909
1687.006938,0.03361914878
1687.00692,0.02972533748
1687.006911,0.03150533256
1687.006908,0.02662758496
1687.006893,0.03348192522
1687.006882,0.02494311469
1687.006866,0.03254601438
1687.00685,0.0287467483
1687.006841,0.03043251745
1687.006838,0.02570284299
1687.006824,0.03232903714
1687.006814,0.02408037961
1687.006799,0.03151716974
1687.006784,0.02781172014
1687.006776,0.02940126591
1687.006773,0.02482184833
1687.00676,0.03122409809
1687.00675,0.02328261878
1687.006737,0.03054346402
1687.006722,0.02693446941
1687.006715,0.02845529742
1687.006712,0.02397370895
1687.0067,0.03015792699
1687.006691,0.02246960667
1687.006678,0.02956871394
1687.006665,0.02605691796
1687.006657,0.02745330544
1687.006655,0.02313709572
1687.006644,0.02913028109
1687.006635,0.02168853449
1687.006623,0.02862932927
1687.006611,0.02520236381
1687.006604,0.02652144699
1687.006602,0.02234289243
1687.006591,0.02814233797
1687.006583,0.02093964106
1687.006572,0.02771768787
1687.00656,0.02437857256
1687.006554,0.02565133782
1687.006552,0.02160530251
1687.006542,0.02720550894
1687.006535,0.02021326004
1687.006524,0.02684066266
1687.006513,0.02358600379
1687.006507,0.02474992296
1687.006505,0.02085369393
1687.006496,0.02628477915
1687.006489,0.01951561186
1687.006479,0.02596418712
1687.006469,0.02281877635
1687.006463,0.02394043035
1687.006462,0.02014448835
1687.006453,0.02539784719
1687.006446,0.01884104059
1687.006437,0.02513667792
1687.006428,0.02208171776
1687.006423,0.02310136625
1687.006421,0.01944704277
1687.006413,0.02453579511
1687.006407,0.01819208571
1687.006398,0.02433686901
1687.006389,0.02136164745
1687.006384,0.02235222117
1687.006383,0.01879130956
1687.006375,0.02371014468
1687.006369,0.01756784285
1687.006361,0.0235617349
1687.006353,0.02067304732
1687.006348,0.02159841516
1687.006347,0.01815108358
1687.00634,0.02291090171
1687.006334,0.01696580083
1687.006327,0.02281407193
1687.006319,0.02000583936
1687.006315,0.02087257974
1687.006314,0.01753463142
1687.006307,0.02213938499
1687.006302,0.0163861835
1687.006295,0.02209032362
1687.006287,0.01936011605
1687.006283,0.02017327808
1687.006282,0.01694060384
1687.006276,0.02139462853
1687.006271,0.01582762215
1687.006265,0.02139003814
1687.006258,0.01873576964
1687.006254,0.01949923373
1687.006253,0.01636797356
1687.006247,0.02067570008
1687.006243,0.0153014233
1687.006236,0.02072058948
1687.00623,0.01814181199
1687.006226,0.0188388534
1687.006225,0.01581493075
1687.00622,0.01998027973
1687.006216,0.01478108942
1687.00621,0.02006412458
1687.006204,0.01755449124
1687.006201,0.01822342639
1687.0062,0.01528633967
1687.006195,0.01931224216
1687.006191,0.01427998655
1687.006191,0.01427998655
1687.006191,0.01427998655
1687.006191,0.01427998655
1687.006191,0.01427998655
1687.006191,0.01427998655
1687.006191,0.01427998655
1687.006191,0.01427998655
1687.006191,0.01427998655
1687.006191,0.01427998655
1687.006191,0.01427998655
1687.006191,0.01427998655
1687.006191,0.01427998655
1687.006191,0.01427998655
1687.006191,0.01427998655
1687.006191,0.01427998655
1687.006191,0.01427998655
1687.006191,0.01427998655
1687.006191,0.01427998655
1687.006191,0.01427998655
1687.006191,0.01427998655
1687.006191,0.01427998655
1687.006191,0.01427998655
1687.006191,0.01427998655
1687.006191,0.01427998655
1687.006191,0.01427998655
1687.006191,0.01427998655
1687.006191,0.01427998655
1687.006191,0.01427998655
1687.006191,0.01427998655
1687.006191,0.01427998655
1687.006191,0.01427998655
1687.006191,0.01427998655
1687.006191,0.01427998655
1687.006191,0.01427998655
1687.006191,0.01427998655
1687.006191,0.01427998655
1687.006191,0.01427998655
1687.006191,0.01427998655
1687.006191,0.01427998655
1687.006191,0.01427998655
1687.006191,0.01427998655
1687.006191,0.01427998655
1687.006191,0.01427998655
1687.006191,0.01427998655
1687.006191,0.01427998655
1687.006191,0.01427998655
1687.006191,0.01427998655
1687.006191,0.01427998655
1687.006191,0.01427998655
1687.006191,0.01427998655
1687.006191,0.01427998655
1687.006191,0.01427998655
1687.006191,0.01427998655
1687.006191,0.01427998655
1687.006191,0.01427998655
1687.006191,0.01427998655
1687.006191,0.01427998655
1687.006191,0.01427998655
1687.006191,0.01427998655
1687.006191,0.01427998655
1687.006191,0.01427998655
1687.006191,0.01427998655
1687.006191,0.01427998655
1687.006191,0.01427998655
1687.006191,0.01427998655
1687.006191,0.01427998655
1687.006191,0.01427998655
1687.006191,0.01427998655
1687.006191,0.01427998655
1687.006191,0.01427998655
1687.006191,0.01427998655
1687.006191,0.01427998655
1687.006191,0.01427998655
1687.006191,0.01427998655
1687.006191,0.01427998655
1687.006191,0.01427998655
1687.006191,0.01427998655
1687.006191,0.01427998655
1687.006191,0.01427998655
1687.006191,0.01427998655
1687.006191,0.01427998655
1687.006191,0.01427998655
1687.006191,0.01427998655
1687.006191,0.01427998655
1687.006191,0.01427998655
1687.006191,0.01427998655
1687.006191,0.01427998655
1687.006191,0.01427998655
1687.006191,0.01427998655
1687.006191,0.01427998655
1687.006191,0.01427998655
1687.006191,0.01427998655
1687.006191,0.01427998655
1687.006191,0.01427998655
1687.006191,0.01427998655
1687.006191,0.01427998655
1687.006191,0.01427998655
1687.006191,0.01427998655
1687.006191,0.01427998655
1687.006191,0.01427998655
1687.006191,0.01427998655
1687.006191,0.01427998655
1687.006191,0.01427998655
1687.006191,0.01427998655
1687.006191,0.01427998655
1687.006191,0.01427998655
1687.006191,0.01427998655
1687.006191,0.01427998655
1687.006191,0.01427998655
1687.006191,0.01427998655
1687.006191,0.01427998655
1687.006191,0.01427998655
1687.006191,0.01427998655
1687.006191,0.01427998655
1687.006191,0.01427998655
1687.006191,0.01427998655
1687.006191,0.01427998655
1687.006191,0.01427998655
1687.006191,0.01427998655
1687.006191,0.01427998655
1687.006191,0.01427998655
1687.006191,0.01427998655
1687.006191,0.01427998655
1687.006191,0.01427998655
1687.006191,0.01427998655
1687.006191,0.01427998655
1687.006191,0.01427998655
1687.006191,0.01427998655
1687.006191,0.01427998655
1687.006191,0.01427998655
1687.006191,0.01427998655
1687.006191,0.01427998655
1687.006191,0.01427998655
1687.006191,0.01427998655
1687.006191,0.01427998655
1687.006191,0.01427998655
1687.006191,0.01427998655
1687.006191,0.01427998655
1687.006191,0.01427998655
1687.006191,0.01427998655
1687.006191,0.01427998655
1687.006191,0.01427998655
1687.006191,0.01427998655
1687.006191,0.01427998655
1687.006191,0.01427998655
1687.006191,0.01427998655
1687.006191,0.01427998655
1687.006191,0.01427998655
1687.006191,0.01427998655
1687.006191,0.01427998655
1687.006191,0.01427998655
1687.006191,0.01427998655
1687.006191,0.01427998655
1687.006191,0.01427998655
1687.006191,0.01427998655
1687.006191,0.01427998655
1687.006191,0.01427998655
1687.006191,0.01427998655
1687.006191,0.01427998655
1687.006191,0.01427998655
1687.006191,0.01427998655
1687.006191,0.01427998655
1687.006191,0.01427998655
1687.006191,0.01427998655
1687.006191,0.01427998655
1687.006191,0.01427998655
1687.006191,0.01427998655
1687.006191,0.01427998655
1687.006191,0.01427998655
1687.006191,0.01427998655
1687.006191,0.01427998655
1687.006191,0.01427998655
1687.006191,0.01427998655
1687.006191,0.01427998655
1687.006191,0.01427998655
1687.006191,0.01427998655
1687.006191,0.01427998655
1687.006191,0.01427998655
1687.006191,0.01427998655
1687.006191,0.01427998655
1687.006191,0.01427998655
1687.006191,0.01427998655
1687.006191,0.01427998655
1687.006191,0.01427998655
1687.006191,0.01427998655
1687.006191,0.01427998655
1687.006191,0.01427998655
1687.006191,0.01427998655
1687.006191,0.01427998655
1687.006191,0.01427998655
1687.006191,0.01427998655
1687.006191,0.01427998655
1687.006191,0.01427998655
1687.006191,0.01427998655
1687.006191,0.01427998655
1687.006191,0.01427998655
1687.006191,0.01427998655
1687.006191,0.01427998655
1687.006191,0.01427998655
1687.006191,0.01427998655
1687.006191,0.01427998655
1687.006191,0.01427998655
1687.006191,0.01427998655
1687.006191,0.01427998655
1687.006191,0.01427998655
1687.006191,0.01427998655
1687.006191,0.01427998655
1687.006191,0.01427998655
1687.006191,0.01427998655
1687.006191,0.01427998655
1687.006191,0.01427998655
1687.006191,0.01427998655
1687.006191,0.01427998655
1687.006191,0.01427998655
1687.006191,0.01427998655
1687.006191,0.01427998655
1687.006191,0.01427998655
1687.006191,0.01427998655
1687.006191,0.01427998655
1687.006191,0.01427998655
1687.006191,0.01427998655
1687.006191,0.01427998655
1687.006191,0.01427998655
1687.006191,0.01427998655
1687.006191,0.01427998655
1687.006191,0.01427998655
1687.006191,0.01427998655
1687.006191,0.01427998655
1687.006191,0.01427998655
1687.006191,0.01427998655
1687.006191,0.01427998655
1687.006191,0.01427998655
1687.006191,0.01427998655
1687.006191,0.01427998655
1687.006191,0.01427998655
1687.006191,0.01427998655
1687.006191,0.01427998655
1687.006191,0.01427998655
1687.006191,0.01427998655
1687.006191,0.01427998655
1687.006191,0.01427998655
1687.006191,0.01427998655
1687.006191,0.01427998655
1687.006191,0.01427998655
1687.006191,0.01427998655
1687.006191,0.01427998655
1687.006191,0.01427998655
1687.006191,0.01427998655
1687.006191,0.01427998655
1687.006191,0.01427998655
1687.006191,0.01427998655
1687.006191,0.01427998655
1687.006191,0.01427998655
1687.006191,0.01427998655
1687.006191,0.01427998655
1687.006191,0.01427998655
1687.006191,0.01427998655
1687.006191,0.01427998655
1687.006191,0.01427998655
1687.006191,0.01427998655
1687.006191,0.01427998655
1687.006191,0.01427998655
1687.006191,0.01427998655
1687.006191,0.01427998655
1687.006191,0.01427998655
1687.006191,0.01427998655
1687.006191,0.01427998655
1687.006191,0.01427998655
1687.006191,0.01427998655
1687.006191,0.01427998655
1687.006191,0.01427998655
1687.006191,0.01427998655
1687.006191,0.01427998655
1687.006191,0.01427998655
1687.006191,0.01427998655
1687.006191,0.01427998655
1687.006191,0.01427998655
1687.006191,0.01427998655
1687.006191,0.01427998655
1687.006191,0.01427998655
1687.006191,0.01427998655
1687.006191,0.01427998655
1687.006191,0.01427998655
1687.006191,0.01427998655
1687.006191,0.01427998655
1687.006191,0.01427998655
1687.006191,0.01427998655
1687.006191,0.01427998655
1687.006191,0.01427998655
1687.006191,0.01427998655
1687.006191,0.01427998655
1687.006191,0.01427998655
1687.006191,0.01427998655
1687.006191,0.01427998655
1687.006191,0.01427998655
1687.006191,0.01427998655
1687.006191,0.01427998655
1687.006191,0.01427998655
1687.006191,0.01427998655
1687.006191,0.01427998655
1687.006191,0.01427998655
1687.006191,0.01427998655
1687.006191,0.01427998655
1687.006191,0.01427998655
1687.006191,0.01427998655
1687.006191,0.01427998655
1687.006191,0.01427998655
1687.006191,0.01427998655
1687.006191,0.01427998655
1687.006191,0.01427998655
1687.006191,0.01427998655
1687.006191,0.01427998655
1687.006191,0.01427998655
1687.006191,0.01427998655
1687.006191,0.01427998655
1687.006191,0.01427998655
1687.006191,0.01427998655
1687.006191,0.01427998655
1687.006191,0.01427998655
1687.006191,0.01427998655
1687.006191,0.01427998655
1687.006191,0.01427998655
1687.006191,0.01427998655
1687.006191,0.01427998655
1687.006191,0.01427998655
1687.006191,0.01427998655
1687.006191,0.01427998655
1687.006191,0.01427998655
1687.006191,0.01427998655
1687.006191,0.01427998655
1687.006191,0.01427998655
1687.006191,0.01427998655
1687.006191,0.01427998655
1687.006191,0.01427998655
1687.006191,0.01427998655
1687.006191,0.01427998655
1687.006191,0.01427998655
1687.006191,0.01427998655
1687.006191,0.01427998655
1687.006191,0.01427998655
1687.006191,0.01427998655
1687.006191,0.01427998655
1687.006191,0.01427998655
1687.006191,0.01427998655
1687.006191,0.01427998655
