280.3224791,145.5221441
279.6487544,232.1951951
279.6221791,229.9198913
279.5783615,235.9205151
279.5515906,228.406049
279.5273263,229.6731894
279.5026801,225.1698349
279.4795064,227.234683
279.4557595,222.653635
279.4334128,224.4616838
279.4106069,220.1110416
279.3890882,221.9744936
279.3671258,217.8077666
279.3463531,219.3755967
279.3252432,215.4588221
279.3052351,217.0288252
279.2848999,213.2911924
279.2655897,214.5948538
279.2460371,211.0795309
279.227439,212.3871986
279.208602,209.0241419
279.1906573,210.108781
279.1725405,206.9375649
279.1552588,208.0347563
279.1378037,204.9903661
279.1211326,205.9028664
279.1043415,203.0248968
279.0882865,203.9563174
279.0721073,201.1847389
279.0566216,201.9624247
279.0410545,199.3371493
279.0261403,200.1371968
279.0111393,197.6023008
278.9967546,198.2733315
278.9823178,195.8687462
278.9684636,196.563406
278.9545506,194.2365215
278.9411883,194.8220871
278.927796,192.6125455
278.9149247,193.2215995
278.9020167,191.0795291
278.8896027,191.5957595
278.8771754,189.5602853
278.865216,190.0990025
278.8532368,188.1225906
278.841702,188.5819351
278.8301662,186.7030355
278.8190522,187.1833647
278.8079311,185.3565015
278.7972109,185.7686913
278.7864994,184.0315302
278.7761688,184.4629346
278.7658408,182.7718581
278.7558755,183.144582
278.745926,181.536395
278.7363214,181.9264454
278.7267271,180.3592424
278.7174613,180.6986304
278.7082164,179.2083015
278.6992844,179.563106
278.6903682,178.1093473
278.6817505,178.4203233
278.6731574,177.0380713
278.6648486,177.3625941
278.6565598,176.0130616
278.6485425,176.2996061
278.6405525,175.0167484
278.6328211,175.3150492
278.6251125,174.0615277
278.6176515,174.3268771
278.6102194,173.1356476
278.6030232,173.4110654
278.5958519,172.2461822
278.5758788,167.1100589
278.5689331,167.3644315
278.5547548,166.9291729
278.5479359,166.981631
278.5411891,165.9729638
278.5346629,166.2542483
278.5281562,165.1710611
278.3522302,198.8528822
278.3325914,196.3216685
278.3183326,197.7070337
278.3054447,191.4093659
278.2933725,192.4511747
278.281911,189.407629
278.2708444,188.8107698
278.2604029,187.8310076
278.2499767,185.4014111
278.2404007,185.6607669
278.230683,181.5479313
278.2221828,184.6235033
278.2129017,177.7589755
278.2053202,182.4209184
278.1958781,182.8257915
278.1870657,181.2105549
278.1785422,180.9298326
278.1702394,179.7476754
278.1621244,179.3699173
278.1542285,178.1905825
278.1465301,177.8081197
278.137517,175.4349477
278.1240892,174.8992828
278.1103726,173.7096579
278.1015351,173.2941281
278.0943659,172.3021514
278.0860374,169.559884
278.0733698,169.9405204
278.0650317,169.5199403
278.0521673,168.8203816
278.0454361,167.4886241
278.0375347,163.393255
278.025585,164.6240985
278.0132918,164.2924774
278.0057796,162.4270953
277.9984876,156.899474
277.9875607,160.1170262
277.9759204,161.1687594
277.9687501,158.1657673
277.9612371,157.3541025
277.9495291,156.3611522
277.9384623,158.0432847
277.9315625,152.5682381
277.9259902,151.9136568
277.9158087,156.0719645
277.9097075,156.445528
277.9027223,155.1933778
277.8916068,154.3750886
277.8806713,153.1457635
277.8741155,152.8630683
277.8687773,151.9926223
277.862183,150.8120508
277.8514707,150.0663158
277.8452262,149.8420596
277.8349063,148.7247107
277.8297687,148.1057635
277.8234449,146.8977965
277.8174971,146.7050406
277.8076041,145.8583143
277.7974121,145.0977611
277.792509,144.9460306
277.7876657,144.2277091
277.7828614,143.8735224
277.7734992,143.1746471
277.767425,141.9553982
277.7577381,141.2071732
277.7522597,140.6843648
277.7432239,140.2031932
277.7386692,139.5210198
277.7328684,138.2747754
277.7276135,137.426272
277.7189744,137.1790461
277.7097792,136.5570111
277.7054395,136.4796154
277.7011411,135.7222304
277.6955973,134.2080521
277.6906509,132.861978
277.6825876,133.6440336
277.6738817,133.2019604
277.6698371,130.5780735
277.6622177,132.0848627
277.656987,130.2904044
277.6486983,130.3575332
277.6441915,126.5992413
277.6370217,129.499842
277.6330758,128.9042255
277.6281189,126.6032456
277.6234689,126.6004767
277.6159443,125.8903978
277.6082079,126.7256478
277.6044401,126.5944027
277.6007184,126.0151973
277.5958848,122.1751049
277.591699,122.5389046
277.5845497,121.916398
277.5774365,123.9059646
277.5725269,123.0662773
277.568402,122.9163802
277.5614423,122.0312414
277.5539417,121.3398548
277.5504774,121.205348
277.5470555,120.587864
277.5425345,119.7261582
277.5385972,119.6594434
277.532004,119.0298576
277.5248763,118.4042675
277.5216563,118.1417977
277.5152723,117.3970068
277.5120507,116.8114977
277.507689,115.9852977
277.504046,115.6806965
277.4979487,115.3420982
277.4911384,114.6520628
277.4870152,113.9360838
277.4835116,113.4685515
277.4775882,112.9856175
277.4710224,112.3951685
277.4680149,112.2782772
277.465042,111.7510656
277.461048,110.8204779
277.4577311,110.0985013
277.4521787,110.3322648
277.4459322,109.8868228
277.4430952,109.7445563
277.440378,108.1909733
277.437579,107.7172002
277.4323964,108.4487378
277.4285625,107.241915
277.4226781,107.2403231
277.4196292,104.8657554
277.4147176,106.4974507
277.4111266,104.9599561
277.405548,105.4349227
277.4026129,101.8640961
277.3979635,104.0742281
277.3953859,103.6030829
277.3927951,104.1032972
277.38789,103.4170689
277.3844123,100.5181334
277.3793241,102.1132935
277.3765834,102.3011348
277.3718411,101.7269592
277.3682693,101.1221438
277.3628954,100.5625133
277.3601981,100.4096997
277.355587,99.71527868
277.3532081,99.33795951
277.3499047,98.72728542
277.3473267,98.56802209
277.3429052,98.12326131
277.3377792,97.67729928
277.3354973,97.51476957
277.3332497,97.14425244
277.3300674,96.56930919
277.3275865,96.34736714
277.3233673,95.8411973
277.318471,95.4402791
277.3163184,95.26276985
277.313287,94.68939875
277.308563,94.31177839
277.3061905,93.90906605
277.3021728,93.70004876
277.3001077,93.33971732
277.2971864,92.84005485
277.2948897,91.97680673
277.2910481,91.92794669
277.286534,91.53465956
277.2845559,91.4133534
277.2826036,90.98825086
277.2798011,90.50207705
277.2776284,89.11849208
277.2740674,90.04204024
277.2697678,89.700849
277.2679858,87.23868145
277.2646563,88.92789585
277.2619639,88.3410969
277.257808,88.01627384
277.2556545,88.19975062
277.2521178,87.5134535
277.2503173,87.20597481
277.2477088,86.41321183
277.2457253,86.37136417
277.2423362,85.9121193
277.2384019,85.89035025
277.2359122,84.67922409
277.2340134,84.65381213
277.2307092,84.03780523
277.2269554,84.29160536
277.2252674,84.16648546
277.2236012,83.78437907
277.2212301,82.03071536
277.2194209,82.12793509
277.2162899,81.74879522
277.2128369,82.71243897
277.2105699,79.98270326
277.2088458,79.9923236
277.2058084,79.55480708
277.2025918,81.13579008
277.2010379,81.01494329
277.1995044,80.71551259
277.1980752,80.30406436
277.1952244,80.32775289
277.1928329,80.10465063
277.1893914,79.74781945
277.1877262,79.0071645
277.1849582,78.93280005
277.1827998,78.5748678
277.1794837,78.32070407
277.1779061,77.15053512
277.1752851,77.81452601
277.1738673,77.49371374
277.1717893,77.24527755
277.1702584,75.28153977
277.1677851,76.35293169
277.1646084,76.04019744
277.1632543,75.96053498
277.161914,75.5883566
277.159925,75.34523707
277.1583687,75.58326876
277.1558358,75.11476462
277.1528105,74.86299714
277.1508728,74.35036614
277.1494351,74.32165296
277.1469794,73.90811985
277.1440589,73.70615036
277.1428972,73.53770915
277.1405172,73.09991567
277.1386677,72.30387118
277.1358975,72.4801825
277.1345627,72.37773881
277.1322645,72.12015506
277.1310505,71.75635956
277.1292606,70.41655933
277.1279841,70.21412158
277.1257807,70.07101833
277.1231962,70.58166787
277.1220437,70.56405426
277.1208957,70.15363485
277.1192002,68.02731483
277.1179962,67.76080263
277.1159309,68.10131119
277.1136047,69.4548342
277.1118297,69.31792818
277.1106176,68.3257333
277.108625,68.71705662
277.1060687,68.26794365
277.1050029,68.21935076
277.1039438,67.93593944
277.1023143,67.76991166
277.1011675,66.32849289
277.0993359,67.5921382
277.0968965,67.25806669
277.0958999,67.32116659
277.0939644,66.84626591
277.0923846,66.61537333
277.0900246,66.32883424
277.0889182,66.28795655
277.0870456,65.92733111
277.0855292,65.73226251
277.0832404,65.43058418
277.0821712,65.40913868
277.0803452,64.98142717
277.0793847,64.77539736
277.0779069,64.55096464
277.0768768,64.54467475
277.0751191,64.22670737
277.0729223,63.95484589
277.0715086,63.7161412
277.0705126,63.7037395
277.0687934,63.27148186
277.0666729,63.09115656
277.0657738,63.01378245
277.0648826,62.73171912
277.0635114,62.46848487
277.0625534,62.48327591
277.0609203,62.20898562
277.0588921,61.99140946
277.0575859,61.69120163
277.0566556,61.63283625
277.055065,61.30661367
277.053114,61.20811752
277.0522831,61.12764258
277.0514601,60.93387285
277.0501869,60.37472542
277.049299,60.29136133
277.0477913,60.18713818
277.0459443,60.25105922
277.045232,59.77672436
277.0437809,59.75462442
277.0425737,58.82823465
277.0408513,59.40198865
277.0400302,58.80813792
277.0386473,59.19792718
277.0374963,57.68195724
277.035896,58.65389639
277.0351111,57.58107983
277.0337911,58.18123429
277.0330456,58.03948627
277.0318422,58.12131539
277.0310119,58.25770231
277.0296481,57.88351986
277.0279292,57.67603273
277.0268094,57.48957351
277.0260387,57.47121694
277.0247138,57.13664078
277.0230556,57.01608494
277.0223562,56.9270368
277.0212788,56.76199777
277.01967,56.59832792
277.0189224,56.59569029
277.0176455,56.23649219
277.01697,56.12622386
277.0159277,55.97462385
277.0152044,55.94098855
277.0139723,55.6578967
277.0124349,55.56766223
277.0117865,55.46253914
277.0107802,55.21089444
277.0092965,55.16330413
277.0085954,55.07516236
277.0074111,54.80188849
276.8997994,61.78548536
276.8976716,61.4752567
276.8959934,61.45508392
276.894827,60.2812651
276.8933611,60.2502591
276.892091,61.84925515
276.8900715,59.05826298
276.8889304,60.6806847
276.8876915,60.34713507
276.8865008,60.02571364
276.8854308,59.79276472
276.8842339,60.81968108
276.8830867,59.44158381
276.8820068,59.73428217
276.8809645,59.12039689
276.8799303,58.89990653
276.8789672,58.65083855
276.8780157,57.27599237
276.87722,58.51999664
276.8761824,58.937323
276.8752166,58.09342028
276.8742894,58.40212628
276.8733788,57.77692382
276.8724867,58.07953759
276.8716092,57.48097932
276.8707518,57.79484282
276.8699068,57.14771292
276.8690859,57.5090615
276.8682728,56.79943623
276.8675535,56.59308388
276.8664117,56.5001592
276.8648218,56.47689455
276.8637455,56.1049678
276.8628958,56.37021529
276.8621105,55.41358434
276.8614101,54.97918306
276.8603077,54.97497292
276.8587576,54.95342166
276.8577265,54.40549216
276.8569018,54.71732476
276.8560702,55.30988549
276.8552979,55.51242775
276.8545394,55.11295777
276.8538763,54.39366824
276.8528311,54.82078681
276.8513038,54.80053234
276.850277,54.60078707
276.8494895,54.8296415
276.8487451,54.40506958
276.8480961,53.23726711
276.8470993,53.86713348
276.8456082,53.83306721
276.8446168,53.63086803
276.8438465,53.84975357
276.843119,53.32993373
276.8424504,53.49633171
276.8413948,53.10493623
276.8399415,53.08999952
276.8389653,52.63221442
276.8382022,52.81304144
276.8375012,51.77875919
276.8368863,51.7968945
276.8358634,51.49449461
276.8344481,51.4909051
276.8334539,52.2420255
276.8327074,52.35281493
276.8320111,52.09930568
276.8314117,52.1082301
276.8304132,51.77899434
276.8290249,51.7659478
276.8280909,51.50013233
276.8273575,51.39902543
276.8266883,51.24367715
276.8258683,51.23210413
276.8250697,50.98698493
276.8244891,50.97736265
276.8235158,50.77380017
276.8222003,50.77708314
276.82133,50.49446378
276.8206191,49.88654423
276.8200594,49.81603226
276.81911,49.58250391
276.8178344,49.55735046
276.8163862,49.76294328
276.8156389,50.00916018
276.8149567,49.08689973
276.8144145,48.89705548
276.813499,48.83829685
276.8122406,48.81603305
276.8114375,48.23440728
276.8107329,48.45417368
276.810018,49.09043494
276.8093538,49.21979278
276.8087015,48.92097499
276.8081721,48.50909846
276.8072892,48.55055635
276.8060432,48.51223167
276.8052318,48.28386377
276.8045537,48.45647007
276.8039135,48.12094126
276.8034093,48.02381812
276.8021954,47.99304002
276.8014955,47.74180028
276.8008544,47.8907713
276.8002283,47.37698001
276.7997219,46.7089031
276.7988957,47.17358902
276.7977129,47.14507351
276.7969586,46.69166478
276.7964965,45.58115759
276.7957116,46.26933829
276.7946266,46.79564434
276.7939083,45.69020292
276.7932435,45.76807765
276.7925846,46.6230965
276.7919647,46.37141448
276.7914449,46.52767234
276.7906055,46.19126336
276.7894815,46.15995567
276.7881584,46.00143664
276.7875441,45.19761839
276.7870712,45.22269964
276.7862558,44.94416036
276.7851561,44.89332788
276.7839314,45.53401246
276.7832563,45.63768569
276.7826504,45.28178127
276.7821976,45.19673167
276.7811166,45.158944
276.78065,45.20149049
276.7798629,44.91727944
276.7791553,44.67509916
276.778107,44.63649538
276.7774823,44.81056521
276.7762883,44.41261584
276.7758337,44.41674023
276.7750688,44.18813179
276.7740449,44.12944064
276.7733775,43.90543638
276.7727527,44.08444277
276.7721626,43.7593255
276.7717187,43.70340226
276.770973,43.47095894
276.7699741,43.4646646
276.7693248,43.23991374
276.76871,43.41998165
276.7681317,43.07819995
276.7677045,42.93489097
276.7669854,42.87086866
276.7660065,42.84889485
276.765376,42.56574737
276.7647702,42.71419678
276.764207,42.21247452
276.7637894,41.87308265
276.763094,41.87871358
276.7621375,41.87856558
276.7615322,41.39912358
276.7609433,41.50041191
276.760368,42.05484072
276.7598158,41.78231073
276.7594157,41.70145026
276.7584793,41.66654259
276.7574316,41.61271632
276.7570316,41.06811023
276.7563792,41.43223177
276.7554653,41.39357679
276.7548812,41.26292588
276.7543305,40.49142746
276.7539411,39.53719041
276.7533192,40.08407052
276.7524322,40.02490053
276.7514254,40.81109173
276.7508137,40.93329888
276.7502632,40.55286833
276.7497292,40.70773307
276.7492011,40.43725817
276.74879,40.59095131
276.7481276,40.27288023
276.7472472,40.27099681
276.7466745,39.98831167
276.7463069,39.91075415
276.7454607,39.94185775
276.7451107,39.99708589
276.7444752,39.76480082
276.7439291,39.38302615
276.7431246,39.60012536
276.7425626,39.78407344
276.741573,38.83463082
276.741201,38.8502787
276.7405809,38.59959049
276.7397969,38.80455457
276.739256,38.95696617
276.7386952,39.1452377
276.738168,38.85588257
276.737646,38.97109587
276.7371337,38.73464862
276.7367726,38.73759493
276.7361685,38.5321136
276.7353696,38.53068732
276.734853,38.32159292
276.7343184,38.4129322
276.7338246,38.23834303
276.7334728,38.18662455
276.7328847,37.99914499
276.7321021,37.98230976
276.7316004,37.70343607
276.7310748,37.49946285
276.7307383,37.38026313
276.7301694,37.32418548
276.7294213,37.44311732
276.7284684,37.08968671
276.7279839,36.46424152
276.7276587,36.39053444
276.7269265,36.45560136
276.7261257,36.49294555
276.7257966,36.20158201
276.7252536,36.23557295
276.7245594,36.5593413
276.7240749,36.76933563
276.7235134,36.93944787
276.7230117,36.59343101
276.7225228,36.73993712
276.72204,36.51394424
276.7217191,36.00217562
276.7212034,36.33848745
276.7204856,36.32262296
276.7200295,36.18367095
276.7195267,36.37388859
276.7190505,36.09537938
276.7187352,35.25992007
276.7182424,35.74388693
276.7175408,35.74421677
276.7170998,35.63681375
276.7166044,35.83402195
276.7161358,35.52668042
276.7158061,35.66763978
276.715281,35.39639031
276.7145935,35.38354769
276.7141527,35.09661052
276.7136585,35.27116269
276.7132015,34.78928215
276.7128985,34.82260153
276.7123877,34.60102154
276.7117161,34.60925962
276.7112962,34.02498784
276.710815,34.20044804
276.7103397,34.77641846
276.7098893,34.69187277
276.7095933,34.71751259
276.7090943,34.49587091
276.708433,34.48036164
276.7075789,34.29705502
276.7072116,34.25939496
276.7069269,34.22900881
276.7064744,33.80488675
276.7057367,34.15763853
276.7050988,34.07347609
276.7046311,34.22269015
276.7038363,33.85153668
276.7035462,33.89615188
276.7030618,33.72232928
276.7024398,33.67713144
276.7020454,33.49427661
276.7017856,33.45648142
276.7013136,33.28977584
276.7007103,33.2555389
276.7003314,33.10011381
276.6998603,33.2892754
276.6994205,32.91546589
276.6991451,32.8198022
276.6986878,32.75462406
276.6980981,32.75582974
276.697734,32.39508804
276.697271,32.6008383
276.6968442,32.00262704
276.6965758,31.75797781
276.6961334,31.76615694
276.6955576,31.78443198
276.6951743,32.34644249
276.694716,32.54744523
276.6942853,32.27348839
276.6938598,32.44298073
276.693439,32.21565982
276.6931801,32.14208108
276.6926068,32.13533078
276.6923484,31.75073058
276.6919316,32.01870257
276.6915755,31.88160777
276.6910193,31.8692691
276.6905795,32.07141284
276.6898604,31.7049256
276.689604,31.01106116
276.6892051,31.40363606
276.6886611,31.38481116
276.688328,31.23378449
276.6878894,31.4435371
276.6874771,31.0823592
276.6872091,31.20983513
276.686786,30.96666659
276.6862538,30.96277695
276.685924,30.51778236
276.6854873,30.73116194
276.6850881,30.16144896
276.6848413,30.19793053
276.6844297,29.99728515
276.6839116,30.04413003
276.6835597,30.61508615
276.6831281,30.81696665
276.6827251,30.56613108
276.6823255,30.69609071
276.6819331,30.49423477
276.6816917,30.5202124
276.6812892,30.32204861
276.6807708,30.31789324
276.6804444,30.1346585
276.6800314,30.2449002
276.6796537,30.10773523
276.6794192,30.12695771
276.6790261,29.955795
276.6785188,29.96542915
276.6782013,29.76852277
276.6777956,29.59190391
276.6775682,29.57308776
276.6771848,29.41902866
276.6766947,29.47320587
276.6760315,29.29073258
276.6756155,29.60072413
276.675233,29.18390891
276.6749649,29.18392025
276.6747088,28.67833073
276.6743332,28.87015702
276.6739696,28.55075054
276.6737465,28.52488714
276.6732689,28.54518582
276.6730449,28.49229191
276.6726746,28.44622415
276.6723561,28.94964098
276.6718881,28.9251983
276.671492,29.01253679
276.6708793,28.78581207
276.6706584,28.56743236
276.6703005,28.58274953
276.6698419,28.54129482
276.6695617,28.4155279
276.6691736,28.37034048
276.6688297,28.43026521
276.6684761,27.80512863
276.6682641,27.42504769
276.6679222,27.66545251
276.6674745,27.67166707
276.6669065,28.09259878
276.6667204,27.41868963
276.6663958,27.83487409
276.6659549,27.79966882
276.6656919,27.70641927
276.6652791,28.00670745
276.6649115,27.70734777
276.6645576,27.88627913
276.6642063,27.63046335
276.6639887,27.73684495
276.6636414,27.52177276
276.6632066,27.53305389
276.6629411,27.17631678
276.6625655,27.29591517
276.6622271,26.94960779
276.6620255,26.97848604
276.6616877,26.81111898
276.6612623,26.82836531
276.660985,27.12446347
276.6606182,27.15450012
276.6602909,27.13804487
276.6599581,26.71131237
276.6597607,26.73531553
276.6594294,26.55230449
276.6590104,26.56540418
276.6584615,26.77292482
276.6582398,26.72164943
276.6580463,26.69908642
276.6576671,26.94367478
276.6571092,26.63627092
276.6567029,26.57052599
276.6565089,26.61875606
276.6561871,26.48994493
276.6559422,26.35895665
276.6555484,26.32390804
276.6551897,26.49587156
276.6546526,26.23650137
276.6543196,26.32918679
276.653993,26.1329412
276.6538022,26.12087594
276.6534876,25.97777671
276.6530993,25.97829793
276.6528637,25.79802997
276.6525169,25.83793948
276.652209,25.7801754
276.6520242,25.72413701
276.6517189,25.66779319
276.6513371,25.65927478
276.6511091,25.36189142
276.6507714,25.00923567
276.6505957,24.8509327
276.6502998,24.84947714
276.6499437,25.09299849
276.6494489,24.76363099
276.6492723,24.70964018
276.6489224,24.92003257
276.6487721,24.593167
276.6484946,24.85056143
276.6482658,25.02744799
276.6479108,25.00488626
276.647545,25.28863394
276.647035,24.97778686
276.646714,25.11427191
276.6463966,24.9274565
276.6460813,24.99332008
276.6457742,24.8684767
276.6456005,24.3281191
276.645333,24.65204631
276.6449794,24.6475526
276.6447699,24.54427484
276.6444457,24.57045723
276.6441561,24.5673474
276.643975,24.66329294
276.643691,24.4743596
276.6433446,24.4849558
276.6431337,24.35068828
276.6428134,23.96117831
276.642648,23.98939186
276.6423714,23.84529365
276.6420339,23.84408481
276.6415711,24.01423144
276.6412269,24.27042633
276.6409208,24.01898704
276.6407548,24.03806301
276.6404834,23.88167142
276.6401494,23.89281539
276.6399479,23.69188464
276.6396264,23.86273701
276.6393319,23.68031394
276.6391705,23.6985806
276.6389053,23.57052989
276.6385766,23.56993988
276.6383806,23.24690051
276.6380631,23.37122395
276.6377768,23.19418037
276.6376188,23.18150863
276.6373592,23.05431021
276.6370372,23.0777474
276.6368344,23.24557689
276.6365234,23.2916978
276.6362481,23.26590557
276.6359684,22.89158621
276.6358031,22.8731038
276.6353981,23.08181057
276.6352443,23.03278681
276.6349912,23.01166921
276.6346774,22.96202035
276.6344935,22.85632604
276.634169,23.12727763
276.6338797,22.88727354
276.6335992,23.02356026
276.6333223,22.87453421
276.6331626,22.85317499
276.6330121,22.69840493
276.6327653,22.73383332
276.6325857,22.57948205
276.6322847,22.60379449
276.631987,22.70907434
276.6315661,22.39769145
276.6314164,22.37072574
276.6311206,22.35234422
276.6309744,22.11003184
276.6307397,22.29023805
276.630573,21.93627883
276.630301,22.2399404
276.6300102,22.26920518
276.6296152,21.68918285
276.6294717,21.20332446
276.6292478,21.51259711
276.6289772,21.72260613
276.6288039,21.96675224
276.6285175,21.58620389
276.6283675,21.68564335
276.6281297,21.51546161
276.6278521,21.48553822
276.6274603,21.71760057
276.6271465,21.9610543
276.6268701,21.71772623
276.6266021,21.84578366
276.6263377,21.71084402
276.6261965,21.73622644
276.6259649,21.61803688
276.6256872,21.59966049
276.6255255,21.44937285
276.6252397,21.55620377
276.6249823,21.40625144
276.6248433,21.42579204
276.624616,21.29267922
276.6243435,21.29154424
276.6241857,21.09577791
276.6239072,21.12945149
276.6236658,21.09902848
276.6235313,21.11917032
276.6233089,21.01299176
276.6230407,20.99971288
276.6228886,20.58954365
276.6226186,20.24033881
276.6224925,20.26201448
276.6222748,20.15581227
276.6220344,20.55278991
276.6216762,20.08341184
276.6215711,20.0211815
276.6213606,20.02240903
276.6211196,20.33211069
276.6209569,20.57216328
276.6206606,20.84351459
276.6203998,20.59985393
276.620147,20.73178377
276.6198976,20.60470027
276.6196496,20.67485156
276.6194081,20.56578355
276.6192773,20.55697999
276.61915,20.45544692
276.6190231,20.28144357
276.6188179,20.3490675
276.6185654,20.31500404
276.6184233,20.23718263
276.6181597,20.27836572
276.6179294,20.27363343
276.6176945,19.91449337
276.6175716,19.6336167
276.617374,19.82794862
276.6171265,19.81981823
276.6167857,20.06046774
276.6165127,20.29263808
276.6162709,20.07837577
276.6161488,20.05536594
276.6160301,19.95112596
276.6159082,19.48694247
276.6157185,19.80826262
276.6154779,19.78171415
276.6152238,19.9535845
276.6148579,19.76619916
276.6146245,19.86282633
276.6143954,19.6812534
276.6142795,19.65511491
276.6141554,19.64048417
276.6140273,19.74572445
276.6138958,19.50442516
276.6136704,19.64432049
276.6134697,19.52894834
276.61322,19.58347664
276.6128954,19.20663678
276.6126729,19.30056457
276.612554,19.32317161
276.6123576,19.21915603
276.6122235,19.31439224
276.6119991,19.27735196
276.6117531,19.00331732
276.6114517,19.16120349
276.6113358,19.18697206
276.6111435,19.08565468
276.6109232,19.0320499
276.6106588,19.26009992
276.6103044,19.01418737
276.6100778,19.13251089
276.6098539,18.98428312
276.6097385,19.00209054
276.6095495,18.90337982
276.6093318,18.89475629
276.6090888,18.95064613
276.6087504,18.80758845
276.6086366,18.79811986
276.6084522,18.71520611
276.6082364,18.66049616
276.6080001,18.65062397
276.6076768,18.63742751
276.6074669,18.25206652
276.6073564,18.22080783
276.6071757,18.1704902
276.6069639,18.13073722
276.606671,18.39108569
276.6064209,18.60835629
276.6062035,18.40507804
276.6060942,18.2954402
276.605919,18.29783113
276.6057092,18.27786074
276.6055944,18.15797808
276.6053625,18.31711909
276.6051534,18.16319814
276.6050551,18.15344711
276.6049496,17.9626615
276.6047794,18.0944022
276.6046697,17.91923729
276.604473,18.02025361
276.6042449,18.14076267
276.6039476,17.75622163
276.603844,17.40070197
276.6036809,17.62045466
