315.949985,125.4139992
291.2006086,89.66893214
267.6880601,71.11017261
227.316357,50.52284771
225.3849468,43.80747211
223.2388206,37.74551683
219.8673929,31.35466059
218.1437612,27.67334292
217.4725789,24.08241862
216.360587,22.31177059
208.5624043,18.74877194
207.9783874,16.68677624
207.2834267,15.86752313
206.8579418,15.05777642
206.5337585,14.92923055
206.2726857,14.45229727
205.8968861,14.81957207
205.6540474,13.37864306
205.3093677,12.38825597
205.0306226,12.26360037
204.8417115,11.75750464
204.2964555,9.949046713
204.1327494,10.00724404
203.9883761,9.621255897
203.8593491,9.619179854
203.7429224,9.370296988
203.5237252,9.019711259
203.3731526,9.009537502
203.2753338,8.806244776
203.0592778,9.811807758
202.8917539,8.408584026
202.8018385,8.458813449
202.7189389,8.257239061
202.5405231,7.93687285
202.4261227,7.89463232
202.3545213,7.795284513
202.1905122,8.841576158
202.0568976,7.546262341
201.990404,7.500083506
201.9283205,7.433761402
201.7512797,8.064380532
201.6287959,7.676606103
201.4794029,8.637611961
201.3650351,7.340083856
201.2564668,6.887430422
201.1609926,7.120898467
201.1080378,6.321326134
200.9864674,7.531583796
200.888081,6.129433404
200.7978543,7.382056792
200.7141347,6.092185811
200.665593,6.832217841
200.6200044,6.058989861
200.5421967,7.225553864
200.4691905,6.021240123
200.2080655,6.082510334
200.0516503,5.637120804
200.0086173,6.338264655
199.9679174,5.585100769
199.8877099,5.726052228
199.8197898,6.415191486
199.7821977,5.584737959
199.7009947,6.750268437
199.6346831,5.485319131
199.570109,5.30830024
199.5090878,6.093352002
199.4747545,5.231206308
199.4031165,6.409362246
199.3430515,5.155774181
199.2869488,6.2725437
199.2342022,5.124970157
199.184451,6.151760884
199.137258,5.086716663
199.0812352,5.116034376
199.0260959,5.916848512
198.9946445,5.065350409
198.9412047,6.058060972
198.8968318,5.014797465
198.8484841,4.836162218
198.7971126,5.640710559
198.7682075,4.782737169
198.7189375,5.787903738
198.6762913,4.777385643
198.6359329,5.716609542
198.5974255,4.747220021
198.5608525,5.620124518
198.5261122,4.726516456
198.4932774,5.525742603
198.4617815,4.727333153
198.4320666,5.416472484
198.4020485,4.769934189
198.3738975,5.31534082
198.3463177,4.716392181
198.3199351,5.201550288
198.2937805,4.722484004
198.2689413,5.117145908
198.244678,4.709762009
198.2219012,4.951721002
198.1994144,4.684087894
198.1778168,4.848203243
198.1560177,4.634910113
197.4192959,5.440007371
197.2701947,4.75094711
197.2345842,5.421871286
197.208273,4.551618062
197.1628415,4.603054685
197.1172273,5.381467197
197.0928378,4.567043357
197.0646461,4.6806573
197.0391903,4.560948894
196.998795,4.43677454
196.9558265,5.205165675
196.9331304,4.394319586
196.9035104,4.249657883
196.8267018,3.902320132
196.7916646,4.02234483
196.7513211,4.833712424
196.7301561,3.97509946
196.7077773,3.89625115
196.6772679,3.806809316
196.6391632,4.633508573
196.6193935,3.759754598
196.5983852,3.66380016
196.5694152,3.795476595
196.5335687,4.606194665
196.5150638,3.753922853
196.4906837,3.627651978
196.4567013,4.447784391
196.4393508,3.587299455
196.4196879,3.584679262
196.4042547,3.473471335
196.3777768,3.573837999
196.3457882,4.386958515
196.3294899,3.539144406
196.3078736,3.43224746
196.2771582,4.249224481
196.2618179,3.394487865
195.9628122,3.659635191
195.8874891,3.477860571
195.8426388,3.24332581
195.8244588,3.357891845
195.81013,3.17830068
195.7862421,3.263743278
195.7543268,4.052753694
195.7397961,3.145434524
195.7202627,3.05650915
195.6922718,3.925523205
195.6785955,3.022336767
195.6613539,3.218516108
195.6477993,2.971971055
195.6258751,3.039524588
195.5994364,3.895503505
195.5865031,3.008040755
195.5686476,2.943061844
195.5430503,3.799766038
195.5307975,2.907880277
195.3410035,3.286733377
195.2863951,3.045834808
195.2692959,3.096047328
195.2429237,3.879696621
195.2312401,3.007195956
195.2149512,2.96646827
195.1914222,3.80962571
195.1803467,2.938355709
195.1637144,3.178830512
195.1508329,2.911825875
195.1318349,2.942805825
195.1095141,3.792725005
195.0989683,2.918192416
195.0837785,2.892809439
195.0619976,3.763255367
195.0519199,2.865496498
195.0361079,3.149794083
195.0237833,2.837348724
195.0059878,2.8553206
194.9852426,3.766825559
194.9755741,2.834155406
194.961383,2.820521055
194.9409946,3.79497577
194.9316471,2.79832382
194.9016547,2.583750614
194.760597,2.822786389
194.7217975,2.678918538
194.706669,3.013528171
194.6948611,2.666728772
194.6781473,2.675770479
194.6575987,3.770257115
194.6484493,2.639689152
194.6336218,3.003801855
194.6223132,2.621569367
194.6060775,2.623072412
194.5863523,3.854893013
194.5773773,2.666580453
194.5633916,3.051137752
194.55259,2.65388577
194.5370369,2.678172801
194.517783,3.828860645
194.5089865,2.927045273
194.5009109,3.529052245
194.4932107,3.004829438
194.4861533,2.986838713
194.4793792,2.93855352
194.4728072,2.99633013
194.4664367,2.918145052
194.4602884,2.840310344
194.4543318,2.908341724
194.448598,2.870046518
194.4430107,2.892821286
194.4375645,2.841939329
194.4322515,2.877120651
194.4270683,2.817657243
194.4220011,2.862886025
194.4170548,2.798251258
194.4122103,2.852172833
194.4074793,2.782150283
194.3942574,2.760955968
194.379437,2.703847084
194.3660074,2.690019141
194.3513072,3.25784552
194.3462035,2.750323363
194.341334,3.220491213
194.3366171,2.735245704
194.3320486,3.195995728
194.3276157,2.71315459
194.3142418,3.116855234
194.3039271,2.706847869
194.2893011,2.708747269
194.2743954,3.409586305
194.2673305,2.607901339
194.2544948,3.039009516
194.2446401,2.59821925
194.1331915,2.877093325
194.0991151,2.469612778
194.0922333,3.010945455
194.0873904,2.51998406
194.0729079,2.517913492
194.0578747,2.378742304
194.0456219,2.857449894
194.0362005,2.368575913
194.0207159,2.339049771
194.0090989,2.83331292
194.0000797,2.331251795
193.9867767,2.305115943
193.97061,2.239091378
193.9594435,2.754016309
193.9507948,2.230552567
193.9423914,2.743804705
193.9341932,2.234036167
193.9261859,2.738644303
193.9183548,2.236940909
193.9106937,2.734509366
193.9031917,2.239474201
193.895845,2.731078828
193.8886444,2.241853471
193.881587,2.727608733
193.8746647,2.243906416
193.8678755,2.724056053
193.8612119,2.245713503
193.8546723,2.720142233
193.8482499,2.247196799
193.8419434,2.715933312
193.8357465,2.248405408
193.8296582,2.711356297
193.8236727,2.249311411
193.8177891,2.706512336
193.8120019,2.249950418
193.8063105,2.701408068
193.8007099,2.250316206
193.7951995,2.696126587
193.7897744,2.250431143
193.7844344,2.690679195
193.7791749,2.250293087
193.7739957,2.685103741
193.7688925,2.249911948
193.7638651,2.679388447
193.7589097,2.249284681
193.7540259,2.673532034
193.7492103,2.248414866
193.7444625,2.667507376
193.7397793,2.247301515
193.7351605,2.661297712
193.730603,2.245949181
193.7261066,2.654878875
193.7216684,2.244362645
193.7172883,2.648238927
193.7129637,2.24255149
193.7086943,2.641368056
193.7044778,2.240527108
193.7003139,2.63426764
193.6962004,2.238304308
193.6039945,2.389929294
193.5771297,2.267301427
193.5730664,2.651694296
193.5690512,2.264927306
193.565084,2.644231261
193.5611627,2.262391335
193.5572872,2.636578417
193.5534557,2.259711915
193.5496681,2.628757561
193.5459226,2.256907829
193.5422192,2.620792101
193.5385561,2.2539975
193.5349333,2.612706987
193.5313492,2.250998796
193.5188017,2.489998732
193.5027877,2.441740635
193.4908174,2.275170957
193.4781535,2.229655707
193.4719266,2.590726643
193.4683424,2.214096833
193.4648283,2.579900581
193.4613594,2.213739868
193.4500148,2.337861008
193.435916,2.31044723
193.4249838,2.224016292
193.4188576,2.570952449
193.4153945,2.206400276
193.4023808,2.202642098
193.396519,2.54481879
193.3930927,2.183053339
193.3825734,2.269419855
193.3708264,2.294713845
193.3603848,2.171551723
193.3547404,2.510084701
193.3513594,2.155355571
193.3402665,2.176052599
193.3347858,2.501771433
193.3314543,2.159713563
193.3214554,2.219685392
193.3110724,2.26193489
193.3011363,2.134705024
193.2958383,2.455320359
193.2925563,2.119974119
193.2824442,2.142347093
193.2772725,2.449594486
193.2740403,2.127643213
193.1957176,2.303575365
193.1717167,2.038760423
193.1619697,2.08782888
193.1523063,2.133268612
193.1428153,2.00366036
193.1377948,2.318125289
193.1346109,1.989525937
193.1251028,2.0101851
193.1201816,2.311241432
193.1170453,1.996020244
193.0490291,2.153610192
193.0265484,2.011590703
193.0172566,2.071346378
193.0080853,2.114246033
192.9989842,1.982318988
192.9941909,2.276133308
192.9911004,1.969225794
192.9820364,1.987007084
192.9773254,2.268187951
192.9742798,1.973792855
192.9655021,2.056130717
192.9567086,2.095265622
192.9479624,1.954628852
192.9433628,2.229361398
192.9403601,1.942231981
192.9316573,1.957787386
192.9271288,2.220581963
192.924168,1.945143643
192.9157195,2.054193538
192.9072657,2.089525474
192.8988482,1.928380387
192.8944183,2.184667823
192.8914975,1.916370318
192.8831301,1.93087785
192.878764,2.175668343
192.8758828,1.918427997
192.867745,2.054766145
192.8596051,2.086456262
192.8514997,1.902212283
192.8472227,2.140657883
192.8443793,1.890195422
192.8363213,1.904214381
192.8321068,2.130496032
192.8293034,1.891340962
192.7697544,2.069364148
192.7501264,1.814529761
192.6973013,1.938422502
192.679049,1.819708169
192.6712008,1.986898759
192.6688483,1.790551459
192.6609844,1.816535818
192.656862,2.04074284
192.6541014,1.803243173
192.6464794,1.977159324
192.6386833,1.991603725
192.6310976,1.780842867
192.6270621,1.988674651
192.6243592,1.76504209
192.6165888,1.787649848
192.612662,1.97847687
192.6100177,1.771753421
192.6026226,1.965151396
192.6004419,1.750100434
192.5931211,1.765876767
192.5892562,1.949313061
192.5866589,1.749730767
192.5794913,1.946389042
192.577435,1.729476304
192.5702344,1.754785468
192.5632492,1.945205482
192.5613138,1.735022202
192.555398,1.742073817
192.5082885,1.916043463
192.4918181,1.678084672
192.4494333,1.790690111
192.4340894,1.682707572
192.4273058,1.829494785
192.4255288,1.67101268
192.4218234,1.869560688
192.4192612,1.662375619
192.4123751,1.685330093
192.4059749,1.781555678
192.4021658,1.966723421
192.3996284,1.769393928
192.3928962,1.791519542
192.3864329,1.655053433
192.3826879,1.85457619
192.3801774,1.641458609
192.3735871,1.677697232
192.3673347,1.757402038
192.3636419,1.948528351
192.3611586,1.745394287
192.3548843,1.773659337
192.3486333,1.629164544
192.3449897,1.834093367
192.3425327,1.615220114
192.3363657,1.658409649
192.3302964,1.742734418
192.3287005,1.60783383
192.3235669,1.616627459
192.3175931,1.711845771
192.2793069,1.870475876
192.2652835,1.659327626
192.2304489,1.757723871
192.2173209,1.664356703
192.2121442,1.694230708
192.2062234,1.556150361
192.2012589,1.561378855
192.1955279,1.674278474
192.1940358,1.525888719
192.1904645,1.74662404
192.1880338,1.516529499
192.1821775,1.548447417
192.1767006,1.666931094
192.1730598,1.866928286
192.1706484,1.653320771
192.1648022,1.661146146
192.1592343,1.500845372
192.155673,1.717776843
192.1532851,1.484071003
192.1474983,1.523149484
192.1420607,1.640821461
192.1406631,1.495588659
192.1088568,1.656613843
192.0967279,1.444107522
192.0675061,1.544367416
192.0561145,1.452094294
192.0515708,1.453760479
192.0462045,1.552182165
192.0448953,1.429972611
192.0415342,1.658225112
192.039177,1.420254521
192.0337359,1.458913695
192.0286835,1.535028101
192.0243215,1.540151521
192.0191385,1.414748637
192.0158246,1.636546334
192.013506,1.403463847
192.0082458,1.449522619
192.0033784,1.513348982
191.9764354,1.657494053
191.9658242,1.469935484
191.9408539,1.558686489
191.9308452,1.478495052
191.9274301,1.673837021
191.9251674,1.461766983
191.9201201,1.475977255
191.9151457,1.348460094
191.9118982,1.53265426
191.9097297,1.327640945
191.9047943,1.391946904
191.8999542,1.447566879
191.8987594,1.340293137
191.8947399,1.341638717
191.8899204,1.401242669
191.8666971,1.541337695
191.8573187,1.360014434
191.8356254,1.447336092
191.8267419,1.370292003
191.8226863,1.420315956
191.8178888,1.303309421
191.813997,1.315722673
191.8093567,1.382407976
191.8082353,1.271166689
191.8051688,1.460357105
191.8030723,1.261246806
191.7983935,1.311615468
191.7940138,1.384966018
191.7902407,1.388094959
191.7857156,1.260413797
191.7653824,1.400511353
191.7570185,1.219390191
191.7378908,1.308774875
191.7299384,1.231820957
191.7269591,1.429891617
191.7248948,1.224484258
191.7202682,1.274282799
191.7160151,1.349899657
191.7149606,1.244937641
191.7113847,1.246603889
191.7070904,1.304125909
191.6890344,1.428616131
191.68152,1.269419258
191.6803618,1.168359309
191.6632666,1.270791954
191.6560728,1.197805353
191.6531218,1.406824575
191.6510738,1.193069696
191.6466508,1.244544494
191.6425508,1.291871608
191.6391112,1.298194452
191.6349016,1.183264891
191.6319761,1.398526508
191.6299436,1.179849544
191.6256389,1.234919315
191.6217092,1.280263113
191.6184272,1.287068829
191.6143356,1.172110803
191.5981051,1.290739623
191.5913054,1.129253964
191.575859,1.21916066
191.5693435,1.150739354
191.5664456,1.371871069
191.5644285,1.147954615
191.5602962,1.206019345
191.5564817,1.246361114
191.5533414,1.255610978
191.5493712,1.142355932
191.5465019,1.36584139
191.5445005,1.140068957
191.5405202,1.201486795
191.536824,1.235026339
191.5338124,1.24156314
191.5299637,1.13355404
191.5271229,1.35717438
191.5251368,1.131281258
191.521299,1.194364384
191.5177273,1.223402423
191.5146643,1.270456394
191.5107493,1.154442156
191.5078932,1.180387991
191.5042132,1.194537404
191.5013168,1.409251131
191.4993426,1.192213961
191.4957117,1.221023904
191.4922339,1.122697878
191.4892131,1.340202993
191.4872456,1.110035825
191.4836661,1.156888688
191.4802187,1.180000929
191.4654707,1.289776253
191.459271,1.142774057
191.4451683,1.224366959
191.4392143,1.161861062
191.4362696,1.376175224
191.4343145,1.150795083
191.4308029,1.186566394
191.4273756,1.087060199
191.413849,1.19686915
191.4081636,1.050799484
191.3951761,1.132575685
191.3897087,1.070172564
191.3867912,1.294146052
191.3848496,1.058048435
191.3813668,1.103975619
191.3779975,1.127941869
191.3771601,1.055822948
191.3743099,1.283669531
191.3723875,1.045022896
191.3689053,1.077814426
191.3656366,1.107599104
191.3531283,1.208137323
191.3478895,1.075973481
191.3358375,1.150049442
191.3307856,1.093187083
191.327974,1.293402763
191.326077,1.082684141
191.3225786,1.12227559
191.3193055,1.036054379
191.3165679,1.058191431
191.3132645,1.078404919
191.3016177,1.174429354
191.2967697,1.049212471
191.295923,0.9760940688
191.2846649,1.059127159
191.2799701,1.001099119
191.269063,1.091101364
191.2645558,0.9659686601
191.253987,1.043102745
191.2496197,0.9887403374
191.2470342,1.208037555
191.2451759,0.9898207484
191.241862,1.034658613
191.2387891,1.065067066
191.2361971,1.08007488
191.2329971,0.9818708637
191.2304475,1.183610177
191.2286208,0.9812739318
191.2253528,1.03587687
191.2223938,1.064955883
191.2198878,1.070222075
191.216773,0.974542304
191.2065022,1.063846471
191.2022918,0.9450372871
191.1923185,1.015854789
191.1882344,0.9636222496
191.1857308,1.169556821
191.1839429,0.9627326251
191.1807748,1.031247693
191.177891,1.053160722
191.1754842,1.048962491
191.1724482,0.9605714698
191.1700103,1.154859771
191.1682732,0.959806688
191.1652195,1.045026693
191.1624151,1.054509931
191.1601194,1.037237696
191.1571756,0.9585304224
191.1474648,1.043669942
191.1435177,0.9314321866
191.1340701,0.9982984365
191.130237,0.9485349147
191.1278569,1.13791235
191.1261605,0.9458473556
191.1232219,1.045046448
191.1205038,1.046372925
191.1183129,1.01740549
191.115462,0.9424972585
191.1062469,1.023762555
191.1025352,0.9175171453
191.0935545,0.9808811124
191.0899455,0.9333406558
191.0875951,1.126455089
191.0859191,0.9312826419
191.0830751,1.040682087
191.0804411,1.038374672
191.0783323,0.9991115169
191.0755665,0.9247300043
191.066793,1.002484407
191.0632917,0.9015494782
191.0547303,0.961873069
191.0513206,0.9162708185
191.048985,1.11823377
191.0473203,0.9148885801
191.0445448,1.036583902
191.0419871,1.035122188
191.0399372,0.9818693996
191.0372484,0.9072862876
191.0288737,0.981758094
191.0255634,0.8857388162
191.017381,0.9432427642
191.0141523,0.8994151974
191.0118297,1.10935414
191.0101746,0.8991364324
191.0074511,1.040764851
191.0049597,1.040069841
191.0029535,0.964636904
191.0003319,0.890838947
190.9980227,1.107302983
190.9963772,0.8910943813
190.9936934,1.058891367
190.9912588,1.058097859
190.9892869,0.9543023559
190.9867258,0.8834861924
190.978713,0.9553902203
190.975574,0.8632748633
190.9677378,0.9185568164
190.9646721,0.8760556072
190.9623757,1.098727201
190.9607396,0.8767977238
190.9581033,0.9902833426
190.9557305,0.9881781452
190.953797,0.9404603611
190.9513022,0.8743806071
190.9436208,0.9428071848
190.9406375,0.8556579158
190.9331183,0.9080650518
190.9302014,0.8674487496
190.9279205,1.096245328
190.9262937,0.8689665933
190.9237328,0.9167170381
190.9214428,0.9148059679
190.919565,0.9222521382
190.9171546,0.8646504619
190.914898,1.09596386
190.9132804,0.8661837737
190.9107786,0.9092965739
190.9085797,0.9054036871
190.9067479,0.9163985831
190.9044392,0.8741998147
190.9026311,0.9152730684
190.9003605,0.8913764526
190.8986044,0.9116557283
190.8963791,0.8959575001
190.8957567,0.8844417505
190.8934679,1.114474219
190.8918577,0.8848306589
190.8895132,0.9186973114
190.8874948,0.9478955099
190.8868951,0.8935914987
190.885209,0.892681237
190.8831051,1.020726946
190.8825027,0.8712539479
190.8808526,0.9087045209
190.8788098,0.981989777
190.8782828,0.85561574
190.8766627,0.8632304357
190.8747721,0.8638003954
190.873207,0.9001079038
190.8713365,0.8547752952
190.8690087,1.092466285
190.8674051,0.8560543301
190.8652422,0.8699067866
190.8634606,0.8813742267
190.8611178,1.109581932
190.8595236,0.8757126271
190.8574493,0.9159673965
190.8556948,0.8565921972
190.8542767,0.8618083461
190.85248,0.8903261509
190.8519861,0.8147690587
190.8446096,0.8839109648
190.8417712,0.7966417886
190.8345452,0.8490714563
190.831764,0.8078006911
190.8302606,0.8455352453
190.8284976,0.9259734535
190.8280166,0.8379968209
190.826525,0.8385464813
190.8247954,0.9889277807
190.8243034,0.8250095081
190.8228198,0.8501058029
190.821047,1.089119942
190.8204669,0.8773984809
190.8190781,0.8825475436
190.8173539,0.9631444225
190.816879,0.8280762498
190.8154359,0.8483407369
190.8137923,0.9614756868
190.8133352,0.8430074826
190.8119203,0.8500327391
190.8103369,0.9261252767
190.8099154,0.8207945958
190.8085155,0.8381450721
190.8069565,0.905674603
190.8065532,0.8222838295
190.8042713,1.05349365
190.8027018,0.823614966
190.8006509,0.8295024957
190.7991505,0.9072247992
190.7987505,0.8151720995
190.7965117,1.022261908
190.7949828,0.8103470178
190.7929962,0.8312405545
190.7915112,0.9131734884
190.7906272,1.090423851
190.7898466,0.8022603527
190.7884301,0.7977358536
190.7868933,0.8791808442
190.7864877,0.8022063776
190.779394,0.8684343171
190.7766828,0.7852584988
190.7697288,0.8353244603
190.7670715,0.7955968871
190.7602425,0.8587444157
190.757651,0.7797858344
190.750953,0.8274421376
190.748413,0.7895679738
190.7470794,0.8197241794
190.7455922,0.8921801115
190.7452134,0.7831099584
190.7438959,0.7891216931
190.7424548,0.8402765641
190.741091,0.8596749268
190.7396642,0.7899908268
190.7383595,0.7955573309
190.7369581,0.8236598756
190.7348343,1.00319746
190.7333511,0.8235448414
190.7314901,0.8476258726
190.7301808,0.8009908663
190.7289446,0.7936719258
190.727594,0.8061379925
190.7210098,0.8652013718
190.7185318,0.7921145161
190.7120707,0.8360528299
190.7096334,0.8003338525
190.7075991,0.971389684
190.7061591,0.8005035616
190.7043734,0.8394414216
190.7030987,0.8124710295
190.7018966,0.7884302916
190.700579,0.7864555431
190.6942269,0.8436542254
190.6918503,0.7731441071
190.6856137,0.8155808543
190.6832764,0.7808299426
190.6812936,0.941351664
190.6798815,0.7797736219
190.6781345,0.8324056915
190.6768808,0.8258863542
190.6756962,0.791608838
190.6743941,0.7713125511
190.6682603,0.8264279205
190.6659793,0.7587511706
190.6599549,0.7995909229
190.6577081,0.7658961382
190.6557509,0.9346974073
190.6543528,0.7650482068
190.6526242,0.8293080848
190.6513793,0.8510251702
190.6501996,0.8047130151
190.6488977,0.7541643752
190.6429699,0.8074627797
190.640777,0.7422697245
190.634953,0.7817045373
190.6327926,0.7489232405
190.630852,0.924486565
190.6294627,0.7485293854
190.6277385,0.817132413
190.6264871,0.8951061577
190.6260875,0.8095588136
190.6249269,0.7586339919
190.6235834,0.8063833177
190.6231567,0.7657920206
190.6212306,0.9457389667
190.6198491,0.7660744816
190.6181651,0.8381027188
190.6168457,0.8210105032
190.6156139,0.7614497897
190.6142595,0.7542342217
190.6085279,0.804728419
190.606418,0.7432181443
190.6007845,0.7804859394
190.5987041,0.7492677938
190.5967925,0.9366860126
190.5954187,0.7497148639
190.5935657,0.7957885122
190.5922604,0.7944307188
190.5908426,0.742208226
190.5894952,0.7082244946
190.5880829,0.7566572288
190.5867934,0.793882017
190.5854507,0.7428763144
190.5841969,0.7118302073
190.5822615,0.912917672
190.5808939,0.7118497942
190.5790605,0.7628111785
190.5770477,0.9557213955
190.5756829,0.759664024
190.5748026,0.7120764974
190.5727129,0.9117617646
190.5713495,0.6935412222
190.5702759,0.7494538336
190.568564,0.833354985
190.5673903,0.8024319152
190.5663046,0.7385576194
190.5650385,0.7518056946
190.5647036,0.695507733
190.5591579,0.7471683786
190.5571241,0.6844570116
190.5516716,0.7225763879
190.5496671,0.6903859868
190.5442991,0.7398313404
190.5423371,0.6800413066
190.5370577,0.7164511792
190.535126,0.6856547755
190.5299274,0.7328644026
190.5280332,0.6759391869
190.5229188,0.7107442448
190.5210521,0.6812179507
190.5192023,0.9053877558
190.5178525,0.684004301
190.516321,0.790868903
190.515183,0.8150505506
190.5141377,0.7515589125
190.5128973,0.7003860472
190.5078585,0.7443482153
190.506031,0.6917982706
190.5010729,0.7237921635
190.4992682,0.6960337544
190.4974344,0.9193211403
190.4960954,0.6988855876
190.4946267,0.8058747312
190.4935216,0.8120012432
190.4926137,0.7594668654
190.4913839,0.6973715621
190.4895702,0.9184389072
190.4882441,0.7009687122
190.486878,0.770617299
190.4858109,0.7685467103
190.4854778,0.720016266
190.4845482,0.6948600573
190.4833778,0.7049338935
190.4815854,0.9222404277
190.4802773,0.7076372647
190.4788102,0.7812182377
190.4777865,0.7560676097
190.4768949,0.7144625921
190.4757739,0.7062459787
190.4754509,0.6588985456
190.4705661,0.7031502627
190.4688008,0.6504340166
190.4639937,0.6825387112
190.4622479,0.6544373352
190.4604872,0.8689606849
190.4592057,0.6568519198
190.4578273,0.7146840196
190.4568332,0.7340639397
190.455889,0.7144420301
190.4548165,0.6810031504
190.4530924,0.880004909
190.4518414,0.6831112497
190.4505186,0.753993163
190.4495604,0.7504536301
190.4487621,0.7166182318
190.4477098,0.6739977553
190.4460242,0.8528593424
190.444799,0.6751175547
190.4435573,0.7626105981
190.4426234,0.7516127528
190.4418635,0.7092925029
190.4408352,0.6708244287
190.4360979,0.7121726493
190.4343895,0.6631325709
190.4297264,0.6930017291
190.4280625,0.8678126657
190.4268539,0.6942758666
190.4256351,0.7968544366
190.4247152,0.7822387038
190.4239711,0.7219109891
190.4229494,0.6883993614
190.4212603,0.6618372499
190.4196102,0.8346456289
190.4184118,0.6624936299
190.4172069,0.7854834729
190.416292,0.7657190543
190.415561,0.6891535869
190.4145304,0.6563544065
190.4099348,0.6964522956
190.4082809,0.6490565297
190.403756,0.6779774514
190.4021163,0.8550555587
190.400925,0.6796257842
190.3997356,0.8028105634
190.3988231,0.7788865338
190.3981079,0.7036274799
190.3970713,0.673753465
190.3954369,0.6478480629
190.3938072,0.8324238291
190.3926221,0.6501886586
190.3914666,0.716964391
190.3905759,0.6865261491
190.3888017,0.8638458421
190.3876156,0.6791384728
190.3864744,0.6718360192
190.3855601,0.6540511416
190.3837928,0.838625128
190.3826095,0.6416149407
190.3781495,0.6805540458
190.3765463,0.6346917161
190.3721543,0.662721025
190.3705711,0.6375805743
190.3694384,0.7094103223
190.3685263,0.674824324
190.3667645,0.8634022783
190.3655848,0.6655772033
190.3644615,0.659208442
190.3635523,0.6437983012
190.361809,0.8397137204
190.3606343,0.6313926161
190.3563043,0.668980624
190.3547517,0.6248647771
190.3504873,0.6518650929
190.348952,0.6274645984
190.3447476,0.6634961357
190.3432415,0.6213709722
190.3391001,0.6471806721
190.3379875,0.699536509
190.3370826,0.6603503882
190.335346,0.8576177205
190.3341773,0.6493138917
190.3330801,0.6745733027
190.3321859,0.6630807264
