314.8524338,125.6309757
269.6545049,83.50089126
246.4170466,63.21586309
235.4525156,46.70944277
231.601048,35.59201986
230.5013877,33.09454968
217.324638,32.12887094
216.0070979,28.20258224
214.2911562,23.97430311
213.2511377,24.24521492
212.5078429,20.60324645
211.8847008,17.4230516
211.4943471,16.88576542
210.6250845,17.18214112
210.2796424,15.58928967
209.8357688,14.46335699
209.4133566,15.57341335
209.0775022,13.45661079
208.8825058,12.94628551
208.6931371,12.66150893
208.4359186,12.58218971
208.2606966,11.75174642
208.0557626,11.51027479
207.820111,12.72634649
207.6198433,11.50653126
207.4934571,11.06129679
207.3816141,10.83397066
207.2259641,10.87575995
207.1050708,10.03001172
206.9700542,9.958186205
206.5129879,9.324713438
206.3418441,10.5127074
206.2130486,9.495361369
206.1202003,8.98772737
206.0450815,8.984292728
205.9759182,8.677022123
205.9078691,8.382260307
205.7990497,8.578227066
205.7367148,8.201898898
205.6565386,7.968764314
205.600505,7.9290041
205.4622856,8.938617
205.381529,8.398638009
205.31464,7.806468617
205.269196,7.626340919
205.2209537,7.282712413
205.1766797,7.404536798
205.0772337,7.412927801
205.0223469,7.188203248
204.9648735,6.995357198
204.743161,6.554015685
204.6309239,7.932983689
204.5719215,7.175325397
204.5232911,6.198473634
204.4906917,6.575192879
204.4551571,6.218857493
204.4219977,6.120538873
204.3094018,6.717141301
204.2664881,6.194659313
204.2169466,6.118283993
204.1209015,7.430764716
204.0738872,6.53616172
204.0354156,5.508477647
203.9751223,5.561087811
203.9360769,5.667212803
203.9047298,5.100920818
203.8775631,5.277195864
203.8515665,4.883868862
203.7666943,6.542738996
203.7149353,6.195709222
203.6867934,5.351286451
203.6315985,5.20781054
203.5997417,5.605457781
203.575056,5.026100887
203.55251,5.0714318
203.5313965,4.550121728
203.4571482,6.039710201
203.4111839,6.053739802
203.3868446,5.178428732
203.3698479,5.156419427
203.3517767,4.438631979
203.3060544,4.561403045
203.2768194,4.858567783
203.2578265,4.4818321
203.1233326,4.465875748
203.0522101,5.736393142
203.016897,5.541274529
202.9971229,4.574153171
202.9355771,5.29079264
202.9025888,5.313249121
202.8826899,4.379473655
202.8690419,4.614155199
202.855229,3.930258435
202.8400104,4.528794516
202.8270779,4.118524901
202.7707941,5.507209679
202.7385754,5.418409117
202.7219336,4.501466891
202.6846735,4.709971687
202.6626663,4.570175218
202.6486729,3.993634526
202.5996928,5.118140125
202.5718275,5.115848129
202.5569314,4.184882012
202.5082511,4.721907945
202.4847289,4.899189674
202.4706515,4.183941961
202.3750593,3.919685292
202.326592,4.653225015
202.3041984,4.745844556
202.2903601,3.92761867
202.2569107,4.194688804
202.2362618,4.09236215
202.2242156,3.543759877
202.1824187,4.660643951
202.1589877,4.759211447
202.146091,3.837293941
202.1050598,4.165208351
202.0841652,4.338726879
202.0716555,3.582661536
202.0622844,3.949920527
202.0534017,3.298023804
202.0429119,3.903514464
202.0343363,3.437161594
202.0092787,3.681993838
201.990313,3.770854216
201.9807297,3.319539064
201.9432226,4.506654115
201.9225142,4.523354036
201.9115049,3.646269531
201.8754296,3.957365302
201.8576165,4.10767793
201.8468722,3.363406143
201.8390222,3.696742412
201.8316517,3.108611889
201.8228147,3.696796196
201.8155744,3.235553034
201.790487,3.542482308
201.7726544,3.70966219
201.7639997,3.288731923
201.7554275,3.532682575
201.7481752,2.90338043
201.712532,4.066456393
201.6941073,4.278989457
201.6844389,3.531955581
201.6526337,3.950562717
201.6364133,3.866561257
201.6268849,3.13784567
201.6204909,3.520540629
201.614352,3.011878343
201.5911621,3.287081495
201.575456,3.358245658
201.5678078,2.963198769
201.5359787,3.930506574
201.5295058,3.587273014
201.5142305,3.682331299
201.509159,3.274271712
201.4817721,3.804663803
201.4647304,3.778019063
201.4565914,3.032954976
201.3895378,3.059899549
201.3596883,3.642811168
201.3466252,3.845670103
201.3386667,3.230886382
201.3140709,3.555221838
201.2990129,3.372682663
201.2915949,2.934186855
201.2650893,3.511005672
201.2514924,3.710050781
201.243734,2.9710914
201.2214931,3.238071862
201.2068186,3.079318142
201.2000955,2.691574
201.1753288,3.554291925
201.1624773,3.723589941
201.1550854,3.033676034
201.1345492,3.184603642
201.1214994,3.064811608
201.1154163,2.731285493
201.0925815,3.509313103
201.0795134,3.620081146
201.0720822,2.900236975
201.0663319,3.182733685
201.0612811,2.744911575
201.0353184,2.857125129
201.0219407,2.938823412
201.0160723,2.604529391
200.9931855,3.483120757
200.9810412,3.514017367
200.9741584,2.856365997
200.9547542,3.018193174
200.9428025,2.943385833
200.937265,2.610496596
200.9166835,3.434722801
200.9045421,3.437217986
200.8976127,2.758591629
200.8783336,2.943481644
200.866419,2.835220347
200.8610891,2.520263204
200.8108928,2.665423343
200.7885813,3.280456308
200.7781122,3.359830744
200.7718898,2.760401544
200.7523234,3.186887534
200.7410377,3.165395933
200.7341166,2.535733921
200.7181063,2.823945894
200.7067985,2.738429781
200.7015747,2.395939712
200.683218,3.355802706
200.6718942,3.32709477
200.6652474,2.643872304
200.6473861,3.086879792
200.6368796,3.118649573
200.6303629,2.526778283
200.6258778,2.733416772
200.6217772,2.32317348
200.6073331,2.671621309
200.5957737,2.662821371
200.5907951,2.366565709
200.5726706,3.277558784
200.5619351,3.258428055
200.5556606,2.582633424
200.5512383,2.833210099
200.5473516,2.495296732
200.5291487,2.651963828
200.5183678,2.692922871
200.5137157,2.432638706
200.4964994,3.153063182
200.4864617,3.091000349
200.480623,2.459321927
200.4646516,2.75396564
200.453692,2.610857279
200.4489506,2.307169302
200.4094215,2.450794219
200.3914094,3.026326496
200.3826375,3.055474773
200.3772939,2.501033182
200.3621147,2.957653845
200.3526483,2.917659185
200.3467315,2.336534794
200.3332908,2.599940669
200.3236367,2.510646381
200.3192331,2.215674921
200.3067296,2.414453318
200.2962706,2.581242736
200.291917,2.340108925
200.2765433,3.215180261
200.2665756,3.053647495
200.2608191,2.414769767
200.2566967,2.681958186
200.2531851,2.36998027
200.2372302,2.515892418
200.2273524,2.520377346
200.223122,2.264912768
200.2083005,2.995087288
200.1991121,2.960142238
200.1936974,2.346537153
200.1898686,2.533137346
200.186481,2.213875123
200.1694592,2.436819618
200.1593821,2.43322224
200.1551952,2.170028897
200.1409522,2.993544511
200.1323425,2.916961998
200.1272443,2.345801189
200.1142099,2.606918266
200.1046849,2.472191354
200.100599,2.202798666
200.0875996,2.917877041
200.0791597,2.847554874
200.0740614,2.265137678
200.0703506,2.492883371
200.0671686,2.199874509
200.0516698,2.373172566
200.0423135,2.369707274
200.0383785,2.112920525
200.0253985,2.925834009
200.0172805,2.841004271
200.0124217,2.284165891
200.0004821,2.469392733
199.9921897,2.370099296
199.9885079,2.122140835
199.9560386,2.267250995
199.9423527,2.761564952
199.9350634,2.733360856
199.9305421,2.217317736
199.9270766,2.438842136
199.9240705,2.163465512
199.9094345,2.363134641
199.9005985,2.369098533
199.8968858,2.127858769
199.8846615,2.811707497
199.8770665,2.715665306
199.8724812,2.173448845
199.8611047,2.405254444
199.8528491,2.289142735
199.8492545,2.03308347
199.8382733,2.788410475
199.8307763,2.699211393
199.8261668,2.152393641
199.8228917,2.3529546
199.8200662,2.086257812
199.8064993,2.204442659
199.7986313,2.23502627
199.7952321,2.010015822
199.7847407,2.214738133
199.7762869,2.263060845
199.7729866,2.07986334
199.761792,2.826348713
199.7542728,2.65575095
199.749773,2.09479894
199.739555,2.300808711
199.7317791,2.220939557
199.7284831,2.000538611
199.7182853,2.748473019
199.7110492,2.612873336
199.7065853,2.061122715
199.6957992,2.320911443
199.6877592,2.204171025
199.6844119,1.977149031
199.6573206,2.102606374
199.6454544,2.643124487
199.6389112,2.572543621
199.6347954,2.072432441
199.6249267,2.601411531
199.6181362,2.50455407
199.613727,2.012555132
199.6039277,2.229062438
199.596937,2.137463158
199.593761,1.891609538
199.5846945,2.051176475
199.577151,2.277469125
199.5739776,2.083900652
199.5702391,2.120041636
199.567292,1.771745413
199.5571679,2.664662063
199.5500145,2.630740195
199.5454781,2.105822842
199.5337786,2.256089412
199.5266966,2.097669077
199.5233212,1.897181748
199.5140596,2.668227461
199.5069924,2.546113304
199.5027661,2.062472239
199.4999498,2.130582959
199.4974708,1.890193828
199.4853777,2.104660658
199.477901,2.103287778
199.4746555,1.86388907
199.4652302,2.625427756
199.4588114,2.499439484
199.4548259,1.984277246
199.4455911,2.225547197
199.4384964,2.100788898
199.4354057,1.865865272
199.4267319,2.588326003
199.4204009,2.471125207
199.4164077,1.953524628
199.4137191,2.100167383
199.4114124,1.880942814
199.4003858,2.048688661
199.393501,2.05393157
199.3905242,1.832744307
199.3677281,1.978112169
199.3571356,2.493743247
199.3514414,2.396566238
199.3478752,1.93878802
199.3453803,2.095495426
199.3431713,1.87888807
199.3323752,2.09378195
199.325447,2.088050616
199.322503,1.875134063
199.3136953,2.519091378
199.3077557,2.370218817
199.3040517,1.86707369
199.2958343,2.078746384
199.2895502,1.979000871
199.2867792,1.759509631
199.278924,1.919012422
199.2724185,1.978626013
199.2697762,1.80761533
199.2613457,2.558313169
199.2552095,2.380362116
199.2514674,1.871804555
199.2489867,2.045803768
199.2468836,1.837356395
199.2368832,1.958129686
199.2307144,1.989553719
199.2279691,1.777311098
199.2198583,2.515454375
199.2140282,2.355125607
199.2103874,1.853409684
199.2080942,1.987487783
199.2060747,1.776593848
199.1956465,1.98079522
199.1891849,1.980962536
199.1864203,1.762747566
199.1783576,2.508657104
199.1726615,2.340286437
199.1690925,1.837255773
199.1668542,1.981982011
199.1648992,1.780027244
199.1551666,1.963606827
199.148936,1.974701092
199.1462326,1.758064376
199.1383665,2.499876564
199.1327447,2.321080216
199.1292135,1.82218729
199.1270453,1.957120284
199.1251497,1.755022269
199.1158044,1.914136479
199.1099539,1.957309252
199.10737,1.755279811
199.0997823,2.50705748
199.0942724,2.306868607
199.0907975,1.803036408
199.0887095,1.941451874
199.086871,1.747085458
199.0771858,1.944180161
199.07113,1.945692606
199.0684852,1.724351785
199.0609005,2.487053527
199.0554039,2.298707425
199.0519292,1.794764984
199.0498824,1.918058164
199.0480926,1.722474414
199.0393951,1.869420618
199.0339281,1.889332542
199.0314963,1.695427101
199.0117518,1.838151249
199.0028448,2.378157756
198.9978743,2.242294415
198.9947119,1.784336484
198.9927473,1.906441913
198.9910015,1.71642483
198.9820151,1.913989127
198.9763415,1.920143318
198.9738455,1.711563139
198.9664053,2.450639314
198.9610213,2.248131019
198.9576036,1.730376214
198.9556683,1.84861337
198.9539845,1.658257114
198.9456252,1.8187774
198.9403105,1.839562624
198.9379438,1.641365351
198.9309878,1.800775056
198.9254776,1.876388396
198.9232424,1.720808187
198.9161192,2.500077475
198.9106304,2.235761458
198.9071912,1.701240254
198.9008114,1.888135403
198.8956884,1.817329889
198.8934527,1.630460331
198.876056,1.754555313
198.8681061,2.339818943
198.8632083,2.171151129
198.8600218,1.689860009
198.8534166,1.936553154
198.8479818,1.845210967
198.8456631,1.649006193
198.8391839,2.370966909
198.8340448,2.173919842
198.8307049,1.65721206
198.8287224,1.795595937
198.8270614,1.610938775
198.8189395,1.792863659
198.8135134,1.820366914
198.8110533,1.586122952
198.8045167,2.346580445
198.7996052,2.167401533
198.7964337,1.673267149
198.7946114,1.770415566
198.7930315,1.597243138
198.7850969,1.766372218
198.7800981,1.77659724
198.7778766,1.575655371
198.7714158,1.748824049
198.7661249,1.786530891
198.7639986,1.633043683
198.7575576,2.36024073
198.7526125,2.135393144
198.7494909,1.637187772
198.7431799,1.872758839
198.7379049,1.770959765
198.7356591,1.574334427
198.7296843,2.291245603
198.7249419,2.104098028
198.7218572,1.613402927
198.7159409,1.808633471
198.7111243,1.724997337
198.7090353,1.548266342
198.7030308,1.693824637
198.6980566,1.746153523
198.6960157,1.581809849
198.6899293,2.282072962
198.6852358,2.093218876
198.6822833,1.642293171
198.680454,1.758564093
198.6789671,1.594460196
198.6713818,1.723533022
198.6666398,1.744066356
198.6645117,1.551503568
198.65857,2.246515675
198.6541463,2.06971204
198.6512963,1.615250971
198.6496115,1.717894166
198.6481749,1.562974564
198.6402862,1.749642509
198.6353879,1.753491445
198.6332225,1.541801891
198.6273342,2.231246334
198.6230296,2.056246285
198.6202352,1.621601944
198.6185689,1.724844192
198.6171691,1.566073406
198.6096254,1.74232863
198.6048112,1.744957591
198.6026566,1.543334958
198.5968816,2.210030026
198.592665,2.035438808
198.5899292,1.594769342
198.5840177,1.783825975
198.5795138,1.698074036
198.5774859,1.509821408
198.5622153,1.644864645
198.5555222,2.125940448
198.5516729,2.008091953
198.5491228,1.609295463
198.5435612,2.114212883
198.5396437,1.963783348
198.5368999,1.558708053
198.5301259,1.809512114
198.525391,1.716852832
198.5232301,1.489800698
198.5179183,2.208675637
198.5136689,2.02735739
198.5108193,1.577419717
198.5091356,1.679677645
198.5077721,1.537410274
198.5007295,1.735979241
198.4958783,1.729461484
198.4936548,1.516463206
198.488202,2.154189989
198.4841554,1.985131025
198.4814905,1.55710137
198.4799017,1.624105181
198.4785873,1.500800715
198.4718724,1.65294844
198.467598,1.657348626
198.4656457,1.468327398
198.4599719,1.641215445
198.4553406,1.698385286
198.4534294,1.559054992
198.4480508,2.211109496
198.4439552,1.977014672
198.4413192,1.549248807
198.4359197,1.73254358
198.4315922,1.644315217
198.4296926,1.482430027
198.4247079,2.132654329
198.420743,1.945880608
198.4181242,1.512790983
198.412456,1.739410121
198.4079413,1.63599554
198.4059864,1.458662919
198.392399,1.590058882
198.3860781,2.063067
198.3824449,1.926770127
198.380035,1.541811668
198.3748519,2.053559717
198.3711807,1.88934849
198.3686029,1.504677676
198.3629766,1.678287195
198.3590857,1.60180223
198.3572525,1.422327601
198.3519069,1.585833079
198.3474743,1.739553556
198.3455693,1.584097502
198.3436206,1.563044436
198.3421094,1.350681869
198.3368378,2.098054531
198.3329797,1.959470284
198.3303487,1.55655824
198.3239915,1.698917242
198.3201436,1.622558543
198.3181642,1.420299881
198.3133542,2.102218001
198.3095172,1.947501103
198.3069109,1.54878859
198.3053958,1.537221348
198.2990843,1.782193987
198.2966836,1.505426534
198.2923257,1.484353461
198.2874283,2.138403577
198.285087,1.810101496
198.2817097,1.568741083
198.2764985,1.804415079
198.2744718,1.598119149
198.270197,1.491972529
198.2655468,2.11156744
198.263281,1.778921015
198.2598952,1.549719368
198.2589309,1.476898036
198.2535808,1.640922607
198.2495696,1.565235644
198.247852,1.391983369
198.242788,1.551348529
198.2386806,1.573679736
198.2370156,1.429950099
198.2321822,2.090602688
198.2284667,1.89572615
198.2260361,1.473872194
198.2212511,2.020601433
198.2178466,1.861458739
198.2154381,1.473523375
198.2101898,1.660909151
198.2065688,1.619265957
198.2047995,1.423506531
198.2003146,2.110043948
198.1966491,1.901317708
198.194172,1.4658614
198.1892666,1.662854433
198.1854466,1.591619413
198.1836977,1.407297298
198.1792606,2.053808021
198.1756873,1.867083571
198.1732681,1.43292214
198.1686173,1.601673551
198.1650209,1.543852623
198.1633679,1.374051077
198.1586308,1.517549337
198.1548108,1.562156934
198.1531905,1.408635533
198.148522,2.067360266
198.1449124,1.876060721
198.1425703,1.47132569
198.137944,1.998521995
198.1346736,1.838071541
198.1323291,1.447252173
198.1272342,1.630309171
198.1237215,1.637957575
198.12195,1.433891674
198.1175774,2.105171341
198.1140063,1.872540912
198.1115642,1.428511678
198.1067647,1.63008915
198.1030496,1.583099371
198.1012949,1.387528853
198.0969849,2.026580631
198.0934972,1.840569365
198.0911035,1.398059398
198.0865167,1.589609748
198.0828758,1.551239399
198.0811646,1.360464556
198.0689248,1.493494738
198.0633927,1.971827605
198.0602242,1.849497416
198.0580458,1.467527678
198.0535344,1.974187138
198.0503734,1.792876396
198.0481029,1.410915356
198.0430862,1.576179372
198.039899,1.539491485
198.0382647,1.340712524
198.0337583,1.473986638
198.0302498,1.543752646
198.0286929,1.392835628
198.0242138,2.058607814
198.0206777,1.851049005
198.018343,1.421233785
198.0171403,1.503462566
198.0161296,1.381422267
198.0105979,1.537198175
198.0070849,1.559404461
198.005414,1.362874245
198.0009858,2.000877369
197.9976534,1.810915264
197.9954145,1.396078102
197.9909574,1.58541295
197.9875276,1.520184683
197.9859012,1.321878614
197.9816643,1.461527496
197.9781533,1.511853238
197.976649,1.362210994
197.9722676,2.019181009
197.9688526,1.817318154
197.9666025,1.400657501
197.9622807,1.94194486
197.9592261,1.781797474
197.9570146,1.400834572
197.9523078,1.566121548
197.9492286,1.53607312
197.947669,1.344997531
197.9436419,2.018016466
197.9403329,1.816926222
197.9380582,1.39008339
197.9335087,1.617083305
197.9298846,1.548429478
197.9282117,1.348946595
197.9241405,1.977388871
197.9208739,1.790412149
197.9186319,1.363427548
197.9144665,1.577435597
197.9109154,1.508792301
197.9092984,1.317559429
197.8982398,1.443570963
197.8929824,1.911409482
197.8899796,1.763675488
197.8879199,1.379935361
197.8836648,1.896975019
197.8807117,1.734908948
197.8785833,1.36119567
197.8738495,1.573211338
197.8705428,1.513855798
197.8688989,1.295223362
197.864921,1.976157392
197.8616912,1.785620747
197.8594578,1.360295492
197.8583442,1.446746343
197.8574247,1.327458941
197.8524642,1.474975316
197.8492721,1.508860089
197.8477166,1.316998819
197.843587,1.948760306
197.8404838,1.755087732
197.8383638,1.346200892
197.8340066,1.552488855
197.8307033,1.487380131
197.8291126,1.277332599
197.8251657,1.425408752
197.8218074,1.473321339
197.8203676,1.318160363
197.8162626,1.958304435
197.8130587,1.755933535
197.8109221,1.343997212
197.8068404,1.885644903
197.8039874,1.727551018
197.801897,1.354610605
197.7974748,1.529620871
197.7945474,1.486602312
197.7930542,1.289083287
197.7892604,1.944576995
197.7861701,1.758770807
197.7840232,1.342387527
197.7799315,1.528076836
197.7767704,1.481169919
197.7752734,1.296697941
197.7715115,1.920580236
197.7684773,1.731531373
197.7663687,1.316561447
197.7624313,1.490538299
197.7593702,1.444297748
197.7579233,1.266379256
197.7539039,1.423903398
197.7505715,1.470838413
197.7491323,1.303992317
197.7451545,1.926922613
197.7420789,1.735673794
197.7400261,1.344628959
197.7360281,1.862353075
197.7332616,1.704073886
197.7312204,1.332307841
197.7268457,1.538096546
197.7237809,1.489387547
197.7222543,1.284213424
197.7185163,1.923370642
197.7154834,1.737469214
197.7133694,1.319955619
197.7094548,1.857430103
197.7067102,1.694922039
197.7046939,1.332765958
197.7003599,1.520621666
197.6974653,1.469576026
197.6959781,1.265849843
197.6923052,1.909284311
197.6893214,1.737170178
197.6872327,1.331542116
197.68623,1.402089343
197.6853984,1.288000186
197.6805019,1.456480712
197.6774247,1.477762599
197.6758961,1.270721855
197.6720119,1.880017515
197.6691314,1.704588812
197.6671427,1.313812959
197.6633841,1.475755437
197.6605337,1.428354575
197.6591254,1.238921008
197.6490607,1.366776487
197.6442938,1.824625679
197.6416479,1.689099541
197.6397935,1.332485505
197.6359001,1.824352067
197.6332783,1.649819169
197.6313354,1.287318462
197.6268529,1.481372493
197.6240095,1.441226333
197.6225362,1.232210239
197.6189151,1.892604942
197.6160045,1.700323412
197.6139499,1.287918489
197.6103381,1.454198337
197.6075511,1.418923502
197.6061979,1.245918699
197.602657,1.873838098
197.5997848,1.677379368
197.5977585,1.264103973
197.5938684,1.467333897
197.5908451,1.416196925
197.5894073,1.225017827
197.5859325,1.347520197
197.583047,1.40713328
197.5817588,1.2552759
197.5779748,1.885830213
197.5750549,1.685993472
197.5730794,1.296393494
197.5693121,1.816375543
197.5667236,1.647412312
197.5647892,1.284483893
197.5605409,1.476510769
197.5576948,1.497981233
197.5561927,1.282063249
197.5525924,1.899421246
197.5497301,1.674570628
197.5476902,1.257450285
197.5439864,1.443261596
197.541126,1.421981043
197.5396932,1.223312603
197.5361696,1.849674513
197.5333629,1.662305109
197.5313631,1.251040552
197.5278431,1.410062067
197.5251211,1.408073435
197.5237349,1.21584446
197.5145465,1.335406668
197.5099079,1.802282045
197.5073363,1.661457167
197.5055027,1.298614739
197.5046023,1.35848412
197.5038186,1.242786048
197.4993306,1.407787659
197.496448,1.483404225
197.494895,1.246203394
197.491211,1.817898277
197.4885177,1.631517696
197.4865741,1.231601726
197.4828548,1.40081576
197.480196,1.416839146
197.4787922,1.207559104
197.4751649,1.367041386
197.4721469,1.40948347
197.4707228,1.212471952
197.4670166,1.861000811
197.4641605,1.65807967
197.4621486,1.242514417
197.458679,1.436302001
197.4558695,1.4044325
197.45446,1.198750889
197.4509643,1.839634712
197.448179,1.655712471
197.4461766,1.241367096
197.4452922,1.309463845
197.444519,1.184243013
197.4402642,1.343407873
197.437545,1.397873301
197.4361178,1.178371427
197.432473,1.840384586
197.4297375,1.640242774
197.4277841,1.237612549
197.4241832,1.439021985
197.4213823,1.409610931
197.4199517,1.188933217
197.4164595,1.840433305
197.413709,1.635335341
197.4117231,1.22023542
197.4083652,1.401659009
197.4056861,1.37110886
197.4043457,1.173526611
197.4009091,1.325785313
197.3980991,1.37123517
197.3968304,1.204207963
197.3932025,1.848339038
197.3902334,1.643647652
197.3881347,1.194512488
197.3848914,1.358388419
197.3823717,1.385255693
197.3810133,1.177183923
197.3775939,1.849807663
197.3749023,1.634324341
197.3729437,1.223962727
197.3694862,1.402780844
197.3668684,1.36355182
197.3655538,1.170513164
197.3571147,1.2897652
197.352676,1.757931423
197.3502101,1.602655599
197.3484359,1.23533417
197.3448455,1.752360448
197.3424589,1.56398887
197.3406503,1.212178444
197.3369179,1.372009022
197.3345646,1.347006068
197.3332967,1.150146317
197.3300217,1.791133016
197.3274362,1.602435754
197.3255648,1.209766361
197.3220793,1.3910972
197.3194978,1.353269466
197.3182069,1.16156257
197.3149221,1.784751996
197.3123191,1.591703498
197.310443,1.193405175
197.3071515,1.368238043
197.3045926,1.333020599
197.3033303,1.146414118
197.2999839,1.304435521
197.2972383,1.350985631
197.2960044,1.182498233
197.2925602,1.793210325
197.2899335,1.592587663
197.288106,1.209580538
197.2846305,1.731245559
197.2822945,1.55790432
197.2805112,1.207801133
197.2768545,1.403379174
197.2743354,1.39166024
197.2730189,1.186889282
197.2697824,1.786098547
197.2672329,1.585829474
197.2653932,1.194843126
197.2622269,1.360222461
197.2597779,1.329892338
197.2585425,1.146359922
197.2553548,1.760542113
197.2528408,1.571356412
197.2510223,1.181863404
197.2476873,1.366413227
197.2451,1.340915962
197.2438104,1.144524347
197.2406109,1.761449828
197.2380991,1.572780326
197.2362792,1.182126982
197.2331603,1.338452132
197.2307517,1.327254366
197.2295131,1.138145571
197.2262403,1.286739046
197.2236259,1.375556167
197.2224104,1.207853073
197.2190785,1.781625448
197.2165709,1.567142967
197.2148049,1.196242443
197.2114168,1.709211891
197.2091711,1.539229302
197.2074388,1.195561906
197.2039658,1.366419324
197.2016014,1.387207838
197.200257,1.159377377
197.197031,1.746230841
197.1945858,1.552176997
197.1927715,1.157716041
197.1893599,1.341992776
197.1868966,1.333637128
197.1855984,1.12641007
197.1824525,1.731630614
197.1800415,1.554596921
197.178277,1.175010975
197.1750793,1.355363309
197.1725967,1.320963006
197.1713438,1.126545755
197.1635745,1.240473087
197.1594592,1.645462406
197.1572777,1.512251296
197.1556953,1.177517469
197.1480558,1.244730387
197.143827,1.57181351
197.1419211,1.474168242
197.140458,1.18719787
197.1369209,1.357628603
197.1346555,1.354095809
197.1334064,1.153399032
197.1302383,1.664929365
197.1279918,1.505157695
197.1263492,1.149278887
197.1230458,1.334741607
197.1205721,1.297676521
197.1193144,1.095274596
197.1162176,1.703310883
197.1138648,1.528794282
197.112149,1.155925672
197.109192,1.319325056
197.1068723,1.285534976
197.1057093,1.1071357
197.1025691,1.26170302
197.1000541,1.30498602
197.0989003,1.13734213
197.0956844,1.702823513
197.0932928,1.516703193
