31.48120644,4.325390778
31.47904607,3.355644092
31.47781621,2.400248916
31.47589679,1.936511532
31.47572519,1.623137354
31.47563012,1.193479725
31.47436813,1.219366975
31.47426586,1.231352882
31.47412956,1.080183722
31.47408028,0.938135834
31.47396268,0.8991118538
31.47372446,0.8880760795
31.47363577,0.8266219643
31.47359379,0.8753704458
31.47356608,0.784882697
31.47348559,0.7562884527
31.47334345,0.770757207
31.47328339,0.6906999764
31.47321961,0.6706283747
31.47319706,0.7243277895
31.47317738,0.6539281815
31.47308061,0.6720495516
31.47303602,0.6016634385
31.47298458,0.5799254217
31.47292147,0.5869650359
31.47290849,0.6447222993
31.47289092,0.6073067591
31.47285682,0.5374781608
31.47281583,0.5224206967
31.47276455,0.5264016637
31.47275467,0.5276035994
31.47272946,0.5012849765
31.47269594,0.4894183576
31.47265746,0.493670168
31.47264871,0.4941799611
31.47262796,0.4703275831
31.47259989,0.4626659799
31.47256842,0.4679985253
31.4725484,0.4616986418
31.47254091,0.4623503354
31.47252344,0.4405755865
31.47249726,0.4455509348
31.47247568,0.4416191261
31.47246715,0.5133581166
31.47245515,0.479918379
31.47244234,0.4288960404
31.4724209,0.4407830543
31.47240134,0.437750428
31.47238737,0.4092198196
31.47236901,0.4133356394
31.47235115,0.4119650753
31.47233743,0.4136698471
31.47232427,0.4101989344
31.47231778,0.407290688
31.47230664,0.3865924362
31.47228985,0.389504651
31.47227424,0.3893206041
31.47226247,0.39052544
31.47225102,0.3876912494
31.47223994,0.3891863215
31.47222915,0.387155021
31.47221865,0.3884198198
31.47220841,0.3859410126
31.47219842,0.387033327
31.47218865,0.3848600994
31.47217911,0.3857403983
31.47216977,0.3835028836
31.47216064,0.3842072469
31.47215169,0.3821553811
31.47214292,0.3826914582
31.47213433,0.3806920232
31.47212591,0.381088526
31.47211765,0.3792195797
31.4721109,0.4572979942
31.47210188,0.4127965607
31.47209281,0.370937251
31.47208214,0.3782530596
31.47207045,0.3788838102
31.47206066,0.3546547314
31.47205103,0.3561342371
31.47203983,0.3577017287
31.47203228,0.3569528456
31.47202487,0.3559939878
31.4720176,0.3555024996
31.47201049,0.3547368265
31.4720035,0.3543936789
31.47199664,0.3532771306
31.4719899,0.3530042421
31.47198329,0.3518738752
31.47197757,0.4305609816
31.47196976,0.378608617
31.47196203,0.3435113342
31.4719536,0.3498612937
31.47194373,0.3514839768
31.47193542,0.3278548957
31.4719278,0.3289096738
31.4719183,0.3314112862
31.47191218,0.3303913254
31.47190616,0.3297539076
31.471901,0.4083385427
31.47189401,0.3533903344
31.47188754,0.3226588318
31.47188,0.3280838523
31.47187107,0.3307574978
31.47186398,0.3090886334
31.47185721,0.3097698406
31.47184857,0.3130757808
31.471843,0.3117364599
31.4718382,0.3898776211
31.47183179,0.3320306463
31.47182634,0.3049648984
31.471818,0.3085911386
31.47181313,0.2873809345
31.47180544,0.2884339981
31.47179742,0.2929053249
31.4717929,0.3709309949
31.47178663,0.3126263865
31.47178238,0.2889256708
31.47177556,0.2927506793
31.47176782,0.2971702225
31.47176248,0.2809664171
31.47175649,0.2806190036
31.47174899,0.2851804164
31.47174468,0.3614772689
31.47173898,0.3001544244
31.47173513,0.2793887338
31.47172882,0.2823326802
31.47172159,0.2869126861
31.47171685,0.2711744692
31.47171135,0.2705630828
31.47170434,0.2752880994
31.4717002,0.3505809841
31.47169488,0.2880587102
31.47169149,0.2694748371
31.47168558,0.271846064
31.47167882,0.2765570439
31.47167459,0.2618178336
31.47167064,0.3370774751
31.47166814,0.2731819501
31.47166261,0.2721082558
31.47165608,0.2767944128
31.47165339,0.264473789
31.47164959,0.2521336944
31.47164586,0.3268725797
31.47164343,0.2623993213
31.47163754,0.2621800215
31.47163123,0.2670023033
31.47162699,0.265057265
31.47162284,0.2650324253
31.47161878,0.2637764089
31.47161482,0.2640142234
31.47161093,0.2632597172
31.47160712,0.2628568718
31.47160336,0.2623372604
31.47160056,0.3245605741
31.47159557,0.2621052863
31.47158978,0.2649070596
31.47158723,0.2495450367
31.47158243,0.2527246143
31.47157877,0.2402530037
31.47157316,0.2440732517
31.47156962,0.3163315172
31.47156538,0.2479719582
31.47156085,0.2474824866
31.47155542,0.2516956475
31.47155278,0.3127572566
31.47154829,0.2499170461
31.47154414,0.2486962946
31.47153885,0.2530157638
31.47153627,0.2417095355
31.47153309,0.2287075916
31.47152984,0.3002581418
31.47152766,0.2370117996
31.47152299,0.2370904903
31.47151787,0.2418234723
31.47151536,0.3017995206
31.47151111,0.2411472758
31.47150718,0.2395428167
31.47150219,0.2441660649
31.47149987,0.2333320525
31.47149691,0.2208438847
31.47149386,0.2904046487
31.47149178,0.2283195813
31.47148739,0.2281108727
31.47148256,0.2330097222
31.47148017,0.2919323857
31.47147617,0.232086885
31.47147244,0.2303395214
31.47146774,0.2350645815
31.47146562,0.2251731376
31.47146275,0.290224402
31.47145802,0.219851486
31.47145389,0.2194962899
31.47144932,0.2244175066
31.47144705,0.282380516
31.47144326,0.2234797494
31.47143974,0.2216786321
31.47143529,0.226386093
31.47143336,0.217387523
31.47143065,0.2807595068
31.4714262,0.2118553311
31.4714223,0.2114212411
31.47141798,0.2163330712
31.47141582,0.2732989847
31.47141222,0.2152283658
31.4714089,0.2134177956
31.47140469,0.2181149734
31.47140262,0.2732819233
31.47139922,0.2150047139
31.47139609,0.2132350662
31.47139199,0.2178222053
31.47138995,0.2094203579
31.47138755,0.1969884393
31.47138508,0.2603312715
31.47138333,0.2025714776
31.47137975,0.2022020574
31.47137577,0.2070403932
31.47137379,0.2618518782
31.4713705,0.2060330244
31.47136749,0.2043228248
31.4713636,0.2089456465
31.47136186,0.201179361
31.47135952,0.260469886
31.47135561,0.1949226107
31.47135223,0.194480386
31.47134845,0.1992846877
31.47134656,0.253217964
31.4713434,0.1981861425
31.47134053,0.1964835291
31.47133684,0.201063802
31.47133503,0.2532539575
31.47133203,0.1979864978
31.47132932,0.1963299524
31.47132571,0.2007987153
31.47132393,0.1935537254
31.47132182,0.1817397809
31.47131967,0.2410724423
31.47131813,0.1864186331
31.471315,0.1860394571
31.4713115,0.1907611545
31.47130976,0.2426062708
31.47130684,0.1896566074
31.47130422,0.1880554791
31.47130079,0.1925633798
31.47129913,0.2427691929
31.47129635,0.1895542179
31.47129386,0.1879962848
31.47129051,0.1923710263
31.4712888,0.1855050672
31.47128682,0.173712211
31.47128483,0.2306524184
31.4712834,0.1780577808
31.4712805,0.1777105387
31.47127724,0.1823473799
31.47127564,0.2322257161
31.47127293,0.1812990121
31.47127051,0.1797884871
31.47126731,0.1842088991
31.47126578,0.2324773825
31.47126319,0.1812446398
31.47126089,0.1797744191
31.47125776,0.1840660531
31.47125614,0.1775804845
31.47125429,0.1660003382
31.47125245,0.2206513416
31.47125112,0.1700412693
31.47124843,0.1697201895
31.47124538,0.1742827838
31.47124391,0.2222602351
31.47124137,0.1732429559
31.47123913,0.1718127063
31.47123614,0.1761579093
31.47123472,0.2225682222
31.47123231,0.1732366914
31.47123085,0.1659901912
31.47122845,0.1670606268
31.47122553,0.1714673124
31.4712237,0.1604199097
31.47122198,0.2124505868
31.47122074,0.1641144119
31.47121852,0.163097606
31.47121567,0.1675049363
31.47121431,0.2134905898
31.47121195,0.1653901662
31.47120988,0.1640506062
31.47120708,0.1683311086
31.47120577,0.2130329303
31.47120351,0.1653026351
31.47120212,0.1589179675
31.47119988,0.1600183704
31.47119714,0.1643545525
31.47119541,0.1534839157
31.47119382,0.2034341144
31.47119267,0.1569293483
31.47119061,0.1559739233
31.47118793,0.1603128153
31.47118667,0.204535241
31.47118445,0.1582077144
31.47118253,0.1569418508
31.4711799,0.1611563277
31.47117869,0.204132787
31.47117656,0.1581538923
31.47117525,0.1521428542
31.47117316,0.1532286063
31.47117059,0.1574993433
31.47116896,0.1468726878
31.47116747,0.194817036
31.4711664,0.1500876666
31.47116449,0.1491856869
31.47116197,0.1534621328
31.4711608,0.1959756614
31.47115871,0.1513590084
31.47115692,0.1501599306
31.47115444,0.1543143678
31.47115332,0.1956239784
31.47115132,0.1513398128
31.47115008,0.1456582291
31.47114813,0.1467232522
31.4711457,0.1509344009
31.47114416,0.1405820176
31.47114278,0.1865987875
31.47114178,0.1435842017
31.47114,0.1427314331
31.47113762,0.1469506371
31.47113653,0.1878137895
31.47113456,0.1448386832
31.47113289,0.1437017645
31.47113055,0.1478014928
31.47112951,0.1875051687
31.47112762,0.1448494265
31.47112646,0.1394810726
31.47112463,0.1405236439
31.47112233,0.1446799687
31.47112087,0.1346091605
31.47111959,0.1787742009
31.47111866,0.1374143501
31.47111699,0.1366075763
31.47111474,0.1407736732
31.47111373,0.1800443065
31.47111187,0.1386448798
31.47111031,0.1375664459
31.47110809,0.1416157429
31.47110712,0.1797722625
31.47110533,0.1386804848
31.47110425,0.133609218
31.47110252,0.1346288889
31.47110036,0.13873433
31.47109897,0.1289422561
31.47109778,0.1713290106
31.47109691,0.1315647243
31.47109534,0.1308014151
31.47109321,0.1349178959
31.47109227,0.1726529229
31.47109051,0.1327665185
31.47108904,0.1317435463
31.47108694,0.1357460617
31.47108604,0.1724123223
31.47108434,0.1328226201
31.47108333,0.1280318973
31.4710817,0.1290288131
31.47107965,0.1330868471
31.47107833,0.1235661464
31.47107722,0.1642456033
31.47107641,0.1260189016
31.47107493,0.1252969393
31.47107291,0.1293669734
31.47107203,0.1656220987
31.47107036,0.1271888475
31.47106898,0.1262186965
31.47106699,0.1301777481
31.47106615,0.1654088491
31.47106454,0.1272618748
31.47106359,0.1227354765
31.47106206,0.1237100388
31.4710601,0.127723896
31.47105885,0.1184651111
31.47105781,0.1575056648
31.47105705,0.1207600789
31.47105567,0.120077553
31.47105375,0.1241041576
31.47105292,0.1589336076
31.47105134,0.1218962288
31.47105004,0.1209764578
31.47104815,0.1248951883
31.47104735,0.1587443832
31.47104583,0.1219832717
31.47104493,0.1177056614
31.47104349,0.1186583405
31.47104163,0.1226311152
31.47104044,0.1136238381
31.47103946,0.1510911977
31.47103875,0.1157719965
31.47103745,0.1151270816
31.47103562,0.1191132006
31.47103485,0.1525695324
31.47103334,0.1168732089
31.47103212,0.1160014709
31.47103031,0.1198829228
31.47102957,0.1524015723
31.47102812,0.1169718681
31.47102728,0.1129283298
31.47102591,0.1138595685
31.47102414,0.1177942696
31.471023,0.1090277384
31.47102209,0.1449849087
31.47102142,0.1110392251
31.47102019,0.1104301178
31.47101845,0.1143786525
31.47101773,0.1465126481
31.47101629,0.112104918
31.47101513,0.1112789085
31.47101341,0.1151260544
31.47101272,0.1463636135
31.47101133,0.1122131833
31.47101054,0.1083898554
31.47100925,0.109300026
31.47100756,0.1131995965
31.47100647,0.104663029
31.47100561,0.1391703485
31.47100499,0.1065472297
31.47100383,0.1059721236
31.47100216,0.1098859386
31.47100149,0.1407465641
31.47100012,0.1075772119
31.47099902,0.1067946483
31.47099737,0.1106103995
31.47099673,0.1406144385
31.4709954,0.1076933723
31.47099466,0.1040772344
31.47099343,0.1049666256
31.47099182,0.1088339449
31.47099078,0.1005167328
31.47098997,0.1336319494
31.47098939,0.1022823561
31.47098828,0.1017394369
31.47098669,0.1056213545
31.47098606,0.1352557643
31.47098475,0.1032767118
31.47098371,0.1025353315
31.47098214,0.1063225349
31.47098153,0.1351387825
31.47098026,0.1033992907
31.47097956,0.09997812804
31.4709784,0.1008469477
31.47097685,0.1046848271
31.47097585,0.09657664837
31.4709751,0.1283550173
31.47097455,0.09823179016
31.4709735,0.09771924312
31.47097198,0.1015720321
31.47097138,0.1300256005
31.47097013,0.09919079986
31.47096915,0.09848836713
31.47096764,0.1022497968
31.47096706,0.1299221991
31.47096585,0.09931850864
31.47096519,0.09608086665
31.47096409,0.09692925262
31.4709626,0.1007404269
31.47096165,0.09283131012
31.47096093,0.1233257016
31.47096042,0.09438350969
31.47095943,0.09389953129
31.47095796,0.09772589409
31.4709574,0.1250422648
31.47095621,0.09530759447
31.47095527,0.09464191198
31.47095382,0.09838025923
31.47095328,0.1249510451
31.47095212,0.09543929891
31.4709515,0.09237443461
31.47095045,0.0932024692
31.47094902,0.09698958748
31.47094811,0.08926994528
31.47094744,0.1185309556
31.47094695,0.09072623431
31.47094601,0.09026904624
31.4709446,0.09407160627
31.47094408,0.1202927503
31.47094293,0.09161591714
31.47094204,0.09098483819
31.47094065,0.09470270134
31.47094014,0.120212452
31.47093903,0.09175061264
31.47093844,0.08884844577
31.47093744,0.08965617066
31.47093607,0.09342178762
31.47093518,0.08588243132
31.47093455,0.1139584938
31.47093409,0.08724937719
31.4709332,0.08681724008
31.47093184,0.09059853026
31.47093135,0.1157648089
31.47093025,0.08810525514
31.4709294,0.08750669552
31.47092806,0.0912065709
31.47092759,0.1156942901
31.47092652,0.08824204818
31.47092596,0.08549311432
31.47092501,0.0862805447
31.47092369,0.09002711309
31.47092284,0.0826592552
31.47092224,0.109596747
31.47092181,0.08394299938
31.47092095,0.08353422493
31.47091965,0.08729667789
31.47091919,0.1114469073
31.47091813,0.08476572328
31.47091732,0.08419767159
31.47091603,0.08788194587
31.47091558,0.1113851283
31.47091456,0.08490381698
31.47091403,0.08229922339
31.47091312,0.08306636073
31.47091185,0.08679622521
31.47091103,0.07959147454
31.47091047,0.105434819
31.47091006,0.08079776686
31.47090924,0.0804107281
31.47090799,0.08415666841
31.47090755,0.1073281834
31.47090653,0.08158802635
31.47090576,0.08104855244
31.47090452,0.08471949667
31.4709041,0.1072741949
31.47090311,0.08172670909
31.47090261,0.07925809348
31.47090174,0.08000493626
31.47090051,0.08372032892
31.47089973,0.0766706812
31.47089919,0.1014624453
31.47089881,0.07780491054
31.47089803,0.07743805004
31.47089682,0.08116968809
31.47089641,0.1033984049
31.47089542,0.07856342271
31.47089469,0.07805068403
31.47089349,0.08171044937
31.47089309,0.1033513383
31.47089214,0.07870205886
31.47089167,0.07636155146
31.47089084,0.07708810397
31.47088965,0.08079114127
31.47088889,0.07388896707
31.47088838,0.09766995283
31.47088802,0.07495618902
31.47088728,0.07460802491
31.47088611,0.07832745286
31.47088572,0.09964792984
31.47088477,0.07568368976
31.47088407,0.07519593569
31.47088292,0.07884655078
31.47088254,0.09960698835
31.47088162,0.07582171192
31.47088117,0.0736019005
31.47088038,0.07430817978
31.47087923,0.07800086094
31.4708785,0.07123889229
31.47087802,0.0940482234
31.47087767,0.07224385406
31.47087696,0.07191298416
31.47087584,0.07562217322
31.47087547,0.09606766905
31.47087455,0.07294109122
31.47087388,0.07247666564
31.47087276,0.0761200353
31.47087241,0.09603212143
31.47087152,0.07307799365
31.4708711,0.07097189141
31.47087033,0.07165793247
31.47086923,0.07534213908
31.47086852,0.0687134554
31.47086806,0.0905886585
31.47086774,0.06966061845
31.47086706,0.06934572254
31.47086597,0.07304652193
31.47086562,0.09264905142
31.47086474,0.07032834645
31.4708641,0.06988568869
31.47086301,0.07352359393
31.47086268,0.09261822585
31.47086182,0.07046367934
31.47086142,0.06846469551
31.47086068,0.06913055496
31.47085962,0.07280805169
31.47085893,0.06630606561
31.47085849,0.08728314679
31.47085818,0.06719962611
31.47085754,0.06689946683
31.47085648,0.07059360374
31.47085615,0.08938399126
31.4708553,0.06783860167
31.47085469,0.06741624608
31.47085364,0.07105034516
31.47085332,0.0893572702
31.47085249,0.06797196615
31.47085211,0.06607387897
31.47085141,0.06671963741
31.47085037,0.07039207351
31.47084971,0.06401051686
31.47084929,0.08412403375
31.470849,0.06485442437
31.47084838,0.06456784675
31.47084735,0.06825692747
31.47084704,0.08626485783
31.47084622,0.065465403
31.47084563,0.06506197737
31.47084461,0.06869380768
31.47084431,0.0862416735
31.47084351,0.06559644661
31.47084315,0.06379337865
31.47084247,0.06441914201
31.47084147,0.06808805359
31.47084083,0.06182096367
31.47084043,0.08110409339
31.47084015,0.06261893817
31.47083956,0.06234486811
31.47083857,0.06603037983
31.47083827,0.08328444689
31.47083747,0.0632026713
31.47083691,0.06281689445
31.47083593,0.06644787507
31.47083564,0.0832642773
31.47083486,0.06333108401
31.47083452,0.06161747939
31.47083387,0.06222337931
31.4708329,0.06589019207
31.47083227,0.05973189855
31.4708319,0.07821650171
31.47083163,0.0604874459
31.47083106,0.06022488798
31.4708301,0.06390820139
31.47082982,0.08043595441
31.47082905,0.06104467868
31.47082851,0.06067535724
31.47082755,0.06430679208
31.47082728,0.08041831969
31.47082653,0.06117018923
31.470826,0.06082143664
31.47082506,0.06438212505
31.47082471,0.06316891677
31.47082413,0.0569972334
31.47082377,0.07488178323
31.47082352,0.05772679903
31.47082287,0.05777539933
31.47082194,0.06154557273
31.47082144,0.05934989797
31.47082117,0.07563175742
31.47082092,0.05921196111
31.4708204,0.05884136715
31.47081948,0.06243709551
31.47081899,0.05949970306
31.47081873,0.07532506647
31.47081849,0.05934481785
31.47081798,0.05899888445
31.47081706,0.06253976167
31.47081674,0.06125352521
31.47081617,0.05507806115
31.47081583,0.07219235659
31.47081559,0.05580314324
31.47081497,0.05584382503
31.47081407,0.05962274992
31.47081358,0.05734554838
31.47081332,0.07294386666
31.47081309,0.05722043068
31.47081259,0.05685861314
31.47081169,0.06046596609
31.47081121,0.05749238071
31.47081096,0.07265918241
31.47081073,0.05734811365
31.47081024,0.05701191029
31.47080935,0.0605634953
31.47080889,0.05749791694
31.47080856,0.05590778703
31.47080824,0.07169841388
31.47080793,0.05382301443
31.47080734,0.05387660355
31.47080646,0.0576724462
31.47080597,0.05532288815
31.47080573,0.07030060832
31.47080551,0.05520709407
31.47080502,0.0548573549
31.47080415,0.05848106501
31.47080368,0.05546620594
31.47080344,0.07003165995
31.47080322,0.05533104229
31.47080276,0.05500638098
31.47080189,0.05857436168
31.47080143,0.0554730856
31.47080113,0.05400204094
31.47080082,0.0691517839
31.47080053,0.05204065386
31.47079995,0.05209377686
31.4707991,0.0558961199
31.47079863,0.05347140504
31.47079839,0.06784088147
31.47079818,0.05336429684
31.47079772,0.05302492333
31.47079687,0.05665842757
31.47079641,0.0536053542
31.47079618,0.06758150555
31.47079597,0.05347915831
31.47079551,0.05265316918
31.47079466,0.0567422979
31.47079422,0.05356885303
31.47079393,0.05218320627
31.47079363,0.06678979448
31.47079336,0.05043745177
31.47079281,0.05014301266
31.47079198,0.05420668533
31.47079152,0.05166523346
31.4707913,0.06548570006
31.4707911,0.05161173482
31.47079065,0.05113118729
31.47078983,0.05489186214
31.47078937,0.05179548817
31.47078916,0.06521657539
31.47078896,0.05169988885
31.47078853,0.05128794259
31.47078771,0.05496716948
31.47078727,0.05179257117
31.470787,0.05047987727
31.47078671,0.06441880515
31.47078646,0.04876887521
31.47078593,0.04874952216
31.47078512,0.0526092001
31.47078466,0.05003122207
31.47078445,0.06324503633
31.47078426,0.04994891389
31.47078383,0.04957731515
31.47078303,0.05327374085
31.47078258,0.05014689349
31.47078238,0.0630018564
31.47078219,0.05004671926
31.47078176,0.04925291587
31.47078096,0.05333994325
31.47078053,0.05011193336
31.47078027,0.0488691815
31.47078,0.06228786168
31.47077976,0.04731744632
31.47077925,0.04703517
31.47077847,0.05109561967
31.47077802,0.04842798056
31.47077782,0.06112042565
31.47077763,0.04838874077
31.47077722,0.04793056087
31.47077644,0.0517061387
31.470776,0.04854259535
31.47077581,0.06087030462
31.47077563,0.04846416809
31.47077523,0.04807146991
31.47077445,0.05176874102
31.47077403,0.04853640837
31.47077378,0.0473517611
31.47077352,0.06014651086
31.47077329,0.04580987005
31.4707728,0.04578511259
31.47077204,0.04965463432
31.47077159,0.04695769986
31.4707714,0.05908503343
31.47077123,0.04689200265
31.47077082,0.04610768506
31.47077006,0.05023349419
31.47076963,0.047018593
31.47076944,0.05888751901
31.47076927,0.04701686748
31.47076889,0.04639208983
31.47076814,0.05029784591
31.47076772,0.04701664988
31.47076748,0.04588927518
31.47076723,0.05817075984
31.47076701,0.04446616163
31.47076654,0.04436168465
31.4707658,0.0482791742
31.47076537,0.04551616416
31.47076518,0.05713278
31.47076501,0.04546562693
31.47076463,0.04507596365
31.47076389,0.04883492556
31.47076347,0.04560869407
31.47076329,0.05691056818
31.47076313,0.04554117241
31.47076275,0.04479462955
31.47076201,0.04888196264
31.4707616,0.04557403781
31.47076138,0.04449854968
31.47076113,0.05628553946
31.47076093,0.04317779356
31.47076047,0.0429074969
31.47075975,0.04696648621
31.47075933,0.0441355279
31.47075915,0.05527571586
31.47075899,0.04411649571
31.47075862,0.0436894591
31.4707579,0.04748529285
31.47075749,0.04422983916
31.47075713,0.04358592173
31.47075642,0.04771110874
31.47075601,0.04435689357
31.47075584,0.05512284407
31.47075568,0.04432180621
31.47075533,0.0437406799
31.47075463,0.04761356455
31.47075423,0.04422727158
31.470754,0.04319003847
31.47075377,0.05435408955
31.47075357,0.04180829449
31.47075314,0.04171449029
31.47075243,0.04562331432
31.47075202,0.04275701628
31.47075186,0.05331817982
31.4707517,0.04271583204
31.47075135,0.04200891565
31.47075064,0.04609777832
31.47075024,0.04277649391
31.47074991,0.04230288673
31.47074922,0.04627032269
31.47074883,0.04287079589
31.4707485,0.04226442344
31.4707478,0.04635615677
31.47074741,0.04290518928
31.4707472,0.04183744052
31.47074697,0.05266565363
31.47074678,0.04057203859
31.47074637,0.04032565487
31.47074569,0.0443582232
31.47074529,0.04136456218
31.47074513,0.05160209509
31.47074498,0.04133266814
31.47074465,0.0409258317
31.47074397,0.04473373596
31.47074357,0.0413595327
31.47074342,0.05131052462
31.47074327,0.04130145149
31.47074294,0.04061590605
31.47074227,0.04469240441
31.47074188,0.04125358563
31.47074157,0.04079726836
31.47074091,0.04475575124
31.47074052,0.04127092359
31.47074021,0.04068642449
31.47073955,0.04477484137
31.47073917,0.04125241141
31.47073895,0.04030146771
31.47073873,0.05053409338
31.47073855,0.03906125351
31.47073816,0.03883216862
31.47073751,0.04286667132
31.47073712,0.03981347072
31.47073696,0.04947812433
31.47073682,0.03978768068
31.47073651,0.03939994269
31.47073586,0.04321215281
31.47073548,0.0397897612
31.47073517,0.03919890877
31.47073452,0.04333440063
31.47073414,0.03983781402
31.47073385,0.03938701603
31.47073321,0.04333241989
31.47073284,0.03979558245
31.47073255,0.0392338407
31.4707319,0.04332219097
31.47073153,0.03975390921
31.47073125,0.03931406486
31.47073061,0.04321478058
31.47073024,0.03962297321
31.47073003,0.03864245795
31.47072982,0.04842238091
31.47072965,0.03750245289
31.47072928,0.03742843047
31.47072865,0.0413569122
31.47072827,0.03820306748
31.47072813,0.04737680802
31.47072799,0.03813901669
31.47072769,0.03747465198
31.47072704,0.04211049544
31.47072666,0.03849129165
31.47072629,0.04180532779
31.47072593,0.03831494686
31.47072555,0.04211561514
31.47072518,0.03853025933
31.47072481,0.04168374042
31.47072445,0.03820895092
31.47072419,0.03805404259
31.47072358,0.04133203599
31.47072322,0.03807116156
31.47072295,0.03769080683
31.47072234,0.0413697128
31.47072198,0.03801991148
31.47072171,0.0376890146
31.47072111,0.0412750886
31.47072075,0.03787170017
31.47072049,0.03739725476
31.47071988,0.04122211884
31.47071953,0.03777679473
31.47071926,0.03739049216
31.47071866,0.04108598918
31.47071831,0.03760862939
31.47071805,0.03710093012
31.47071745,0.0409891139
31.4707171,0.03748832569
31.47071684,0.03708246713
31.47071625,0.04081921779
31.4707159,0.03729939926
31.47071577,0.045641128
31.47071564,0.03712809609
31.47071537,0.03648329496
31.47071476,0.04086010499
31.4707144,0.03721662869
31.47071416,0.03698347857
31.47071358,0.04024201178
31.47071324,0.03688584268
31.47071302,0.03601251834
31.47071282,0.04457219899
31.47071267,0.03500446666
31.47071233,0.03525236217
31.47071175,0.038519575
31.4707114,0.03551533107
31.47071115,0.03511424817
31.47071057,0.03895249
31.47071023,0.03557257077
31.47070998,0.03525838329
31.47070941,0.03893012342
31.47070907,0.03547975355
31.47070882,0.03500616558
31.47070825,0.03893586416
31.47070791,0.03543965338
31.47070767,0.03506653573
31.47070709,0.03930892736
31.47070673,0.03568366156
31.47070639,0.03889173026
31.47070606,0.03550192495
31.4707057,0.03915381437
31.47070536,0.03569624415
31.47070502,0.03877763019
31.47070468,0.03542068263
31.47070445,0.03517122274
31.47070389,0.03849024183
31.47070356,0.03519878845
31.47070333,0.03494009906
31.47070278,0.03835535711
31.47070245,0.03500301666
31.47070222,0.03459518271
31.47070166,0.03824146087
31.47070134,0.03485576371
31.47070111,0.03450639069
31.47070056,0.03807716817
31.47070023,0.03466171129
31.4707,0.0341993576
31.47069945,0.03795849465
31.47069912,0.03452437053
31.4706989,0.03414672146
31.47069834,0.03823074319
31.470698,0.03468231019
31.47069779,0.03436030747
31.47069725,0.03769544428
31.47069693,0.03440021422
31.47069658,0.03804199679
31.47069625,0.03466147614
31.47069592,0.03766035893
31.4706956,0.03438346736
31.47069539,0.03422066671
31.47069486,0.03732237655
31.47069454,0.0340557656
31.47069432,0.03371074661
31.47069379,0.03719875066
31.47069348,0.0338847696
31.47069326,0.03358075773
31.47069274,0.03699989632
31.47069242,0.03365701425
31.4706922,0.03322042446
31.47069167,0.0368738323
31.47069136,0.03351035802
31.47069115,0.03315363928
31.47069061,0.03712604268
31.47069028,0.03364534204
31.47069008,0.03333439448
31.47068956,0.03660562371
31.47068925,0.03336482814
31.47068913,0.04012222061
31.47068901,0.03299505981
31.47068881,0.03274508533
31.47068829,0.03587362597
31.47068798,0.03253437969
31.47068778,0.032133324
31.47068726,0.03577801522
31.47068695,0.03239311656
31.47068675,0.03209060974
31.47068624,0.03557774658
31.47068594,0.03216798588
31.47068573,0.03172386449
31.47068522,0.0354718333
31.47068491,0.03203971092
31.47068471,0.03168604867
31.47068419,0.03574492479
31.47068387,0.03219717394
31.47068356,0.03531197431
31.47068326,0.032038575
31.47068306,0.03179143319
31.47068256,0.03506084286
