217.4727967,42.57432182
212.3529705,35.39297846
208.1439794,29.56506872
203.0003954,22.90915877
198.1667184,11.04462532
197.7796762,9.314583469
197.3970275,8.000066009
197.0894121,6.838897289
196.9049276,6.47905213
196.7435777,5.92021914
196.6001722,5.282260271
196.4940275,4.579591902
196.3697518,3.983073415
196.3289957,3.714683637
196.251996,3.992134894
196.1728822,3.399468692
196.1271351,3.305376417
196.0642364,3.456512239
196.0329742,3.259262222
195.9898514,2.985312999
195.9624785,2.78962886
195.9130179,3.223123883
195.8728649,2.656582424
195.8388249,2.781461854
195.8156163,2.598179115
195.7909976,2.414603632
195.7524768,2.862599017
195.702573,2.241610645
195.6804219,2.22226026
195.6490744,2.625439376
195.6162025,2.165991775
195.5924617,2.290493308
195.5756306,2.198406007
195.5493315,2.037914977
195.5217784,2.398085006
195.486134,1.913035023
195.4629245,2.247583947
195.4421736,1.889549486
195.4242324,1.971653344
195.4116352,1.911766263
195.3912157,1.791009171
195.3702332,2.084871411
195.3424623,1.69549622
195.3244081,1.973521729
195.3080504,1.682186557
195.2938419,1.751576474
195.283804,1.707171416
195.2674636,1.610401892
195.2508117,1.851740845
195.2284383,1.53240106
195.213913,1.764420835
195.2006379,1.524277627
195.1891401,1.574807807
195.1809095,1.538773333
195.1675842,1.461608728
195.1540195,1.662882358
195.1356061,1.39636928
195.1265918,1.448978157
195.1141934,1.636769137
195.1003741,1.41455849
195.0934935,1.383079386
195.0823169,1.31528261
195.0712502,1.507075039
195.0586727,1.298364033
195.0507909,1.331850205
195.0404992,1.483748126
195.0287925,1.300668453
195.0230243,1.274748209
195.0136296,1.220597095
195.0043305,1.380214777
194.9937028,1.202877775
194.9868988,1.23287251
194.9781749,1.36250813
194.9681364,1.206512116
194.9632449,1.18449281
194.9551794,1.138677311
194.9472276,1.275263794
194.9381277,1.121850455
194.9321986,1.146330871
194.9246967,1.259366157
194.9159954,1.124479977
194.9118162,1.105732396
194.9048069,1.066563371
194.8997763,1.092338262
194.8926828,1.208601128
194.8832641,1.063937607
194.8768083,1.172275362
194.8707382,1.0611746
194.8674821,1.035413108
194.8633263,0.9951519874
194.858959,1.020652897
194.8538765,0.9947182877
194.8476842,1.095031605
194.8393277,0.9640883626
194.8336685,1.062199382
194.8283128,0.9603819721
194.8245119,0.9809145527
194.8190444,1.066958373
194.8128012,0.9723244534
194.8095642,0.9576246353
194.8043049,0.9291804152
194.8005592,0.9465871006
194.7953972,1.028697984
194.7885398,0.9219825894
194.783775,1.004772202
194.7792322,0.9218540924
194.7747106,0.9901486261
194.7704414,0.9204185207
194.7678567,0.9040859873
194.7647166,0.87057109
194.7613446,0.8859927521
194.7573551,0.8662127
194.7529747,0.9358341362
194.7469438,0.8423567516
194.742876,0.9120049541
194.7389959,0.837618415
194.7360547,0.8545152906
194.7320863,0.921740148
194.7275121,0.8517627182
194.7252539,0.8368475704
194.7224828,0.8082036772
194.719679,0.8258874048
194.7161111,0.8099742557
194.7123193,0.8732004514
194.7071663,0.7848732649
194.7036049,0.8559120967
194.7001984,0.7874789862
194.6967809,0.8426585374
194.6935477,0.782981313
194.6909667,0.795872943
194.6889197,0.7822365504
194.68649,0.7563902098
194.6831628,0.8195282508
194.6786879,0.7461794715
194.676208,0.763036578
194.6725011,0.7453923387
194.6693376,0.7991425763
194.6653268,0.7331223785
194.6633961,0.7188844627
194.6609822,0.7347445034
194.6576374,0.7185665935
194.6545507,0.7867079987
194.6505586,0.7128568848
194.6476292,0.7609638704
194.6448254,0.7002624303
194.6426765,0.7149152985
194.6397836,0.7808268096
194.6365821,0.7265404077
194.6338305,0.7636295547
194.6312313,0.7101674932
194.6294978,0.6997509257
194.6275715,0.6750540454
194.6254509,0.6903843915
194.6227394,0.6772387954
194.6200184,0.7494911166
194.6165239,0.682297645
194.6139527,0.712456697
194.6115161,0.6561632324
194.6095609,0.6699877601
194.6079333,0.6605101704
194.6062444,0.6400649322
194.6037406,0.7002614702
194.600561,0.6378878466
194.5986395,0.6527835965
194.5958335,0.6386472068
194.5934365,0.6820030197
194.5905306,0.6264005899
194.5887611,0.6398605191
194.5872762,0.629008312
194.5857222,0.6075393812
194.5833843,0.6686692449
194.5804999,0.6071171345
194.5787498,0.6220504895
194.5761879,0.6094594117
194.5739258,0.6517134989
194.571269,0.5982968688
194.5696261,0.6122365241
194.5682347,0.6019256562
194.5668387,0.5816568956
194.5646367,0.6404253987
194.5619921,0.5816991818
194.5598698,0.6232976544
194.5578377,0.5709241852
194.556229,0.5811581566
194.5539101,0.5722823067
194.5518251,0.6259578794
194.5494322,0.57878832
194.5474355,0.6158310214
194.5455153,0.5672183939
194.5439903,0.579002251
194.542713,0.5706201285
194.5414595,0.551769983
194.5394931,0.6022137592
194.5371415,0.5501714795
194.5356325,0.5635965529
194.5334651,0.5530850309
194.5315822,0.5912406944
194.529389,0.5444212269
194.5279748,0.5563932937
194.5267591,0.5463798516
194.5256263,0.5287088567
194.5237512,0.5856586512
194.5215493,0.5327243672
194.5197362,0.5631164226
194.5180175,0.515794096
194.5166004,0.531923351
194.5145929,0.5217136096
194.5128276,0.5739486015
194.5108197,0.5300546626
194.5091192,0.561368842
194.5074863,0.5166176287
194.5060853,0.5352681231
194.5049033,0.5271789154
194.5038753,0.5103948934
194.5022149,0.557349336
194.5002468,0.5103451782
194.4988989,0.5187713262
194.497004,0.5100677067
194.4953993,0.5448900383
194.493558,0.5023954182
194.4922998,0.5117732809
194.4911906,0.5038036395
194.4902553,0.4879937263
194.4886854,0.5366461761
194.4868282,0.4878624718
194.485567,0.5012295834
194.4838011,0.4913173931
194.4822684,0.5260708711
194.4805237,0.4835050656
194.4793294,0.4954246235
194.4782637,0.4865413794
194.4774094,0.4718041383
194.475905,0.5193261441
194.474152,0.4719411741
194.4729395,0.4881512678
194.47126,0.4777407961
194.4697952,0.512050898
194.4681387,0.4700839009
194.4670089,0.4823014808
194.4659914,0.4722682861
194.4645518,0.516255121
194.4629553,0.4773445403
194.4614951,0.5167055455
194.4601388,0.4763122647
194.4587117,0.5092635724
194.4573931,0.4718235377
194.4562776,0.4913323116
194.4552651,0.4805135083
194.4544276,0.462751819
194.4530773,0.4961975113
194.4515212,0.454131115
194.450401,0.4591427524
194.4488481,0.4524878895
194.4475472,0.4928657132
194.4460759,0.4547006967
194.4450106,0.4641333906
194.4440501,0.4563287408
194.4427727,0.4891826968
194.4413441,0.4528153374
194.4403394,0.4667662223
194.4394031,0.454959187
194.4386215,0.4370213995
194.437368,0.4772328267
194.4359199,0.4348457926
194.4348736,0.4475870789
194.433399,0.4398163958
194.4321788,0.472470425
194.4308063,0.4351252859
194.4298008,0.4458929528
194.4288881,0.4374252882
194.4282137,0.4236156143
194.4270113,0.4636966794
194.4256266,0.4220480874
194.4246062,0.4370013504
194.4232034,0.4282021577
194.4220258,0.4604442769
194.4207139,0.4232603342
194.419747,0.4342711424
194.4188592,0.425527914
194.4177047,0.464639365
194.4164297,0.4294001831
194.4153,0.4596517929
194.4142101,0.4238701111
194.4133015,0.4380192039
194.4124457,0.4268671715
194.4117822,0.4110337601
194.4106673,0.4480126618
194.4093976,0.409435204
194.40844,0.422574881
194.4071172,0.4145517985
194.40604,0.4451676303
194.4048267,0.409712957
194.4039022,0.4223201849
194.4030473,0.4129080062
194.4019821,0.4496390138
194.4008041,0.4165579709
194.3999398,0.4298518089
194.3991143,0.4188966198
194.3984881,0.4030728931
194.3974417,0.4323585432
194.3962456,0.3935867307
194.3953375,0.4060136124
194.3940823,0.3991506523
194.3930596,0.4361287731
194.3919198,0.4021596648
194.3910533,0.4129181275
194.3902473,0.4047556961
194.3892402,0.4327179727
194.3881318,0.4004642984
194.3873145,0.4133477534
194.3865301,0.4030080569
194.3859465,0.3872177136
194.3851233,0.4039386505
194.383989,0.3975614891
194.3832423,0.4040018526
194.3825408,0.3968030435
194.3815508,0.4324266168
194.3804139,0.3956272245
194.3796466,0.4045701171
194.3788976,0.3966816819
194.377932,0.424441691
194.3768641,0.3923127478
194.3760999,0.4020415825
194.3753617,0.3927410601
194.3748153,0.3782232176
194.3740533,0.3923715221
194.3729937,0.3861387097
194.37204,0.4214172725
194.3709439,0.3850070016
194.370177,0.3897797376
194.3694519,0.3858025331
194.3685166,0.4133233836
194.3674874,0.3811453202
194.3667539,0.3900267296
194.3660495,0.3816006486
194.3655442,0.368836301
194.3646246,0.4050860255
194.3635811,0.3693083171
194.3628037,0.379567695
194.3617429,0.3746087816
194.3608428,0.4013315867
194.359844,0.3692441646
194.359099,0.3772317504
194.3584001,0.371241914
194.3575117,0.4060006092
194.356536,0.3757438751
194.3558107,0.388959427
194.3551161,0.3807800212
194.3542431,0.4053443979
194.3532896,0.3758433835
194.3525965,0.3822755337
194.3519322,0.3747232902
194.3514374,0.3594922595
194.3507713,0.3673270516
194.3498349,0.3638924583
194.3489767,0.3985233965
194.347997,0.3647321942
194.3472959,0.3725827859
194.3466314,0.3670771689
194.3457915,0.3914377292
194.3448665,0.3612707338
194.3442032,0.3703473152
194.3435621,0.3631923554
194.3431104,0.3506832553
194.3424606,0.3605458739
194.341563,0.3556108031
194.3407343,0.3903216055
194.3397859,0.3568986123
194.3391142,0.3643576605
194.3384715,0.3595528534
194.3376598,0.3829996208
194.3367621,0.3528442729
194.3361204,0.3621767157
194.3355006,0.3546670566
194.3346981,0.3886272045
194.333821,0.3606906742
194.3330395,0.3825361089
194.3322938,0.3537713372
194.3316602,0.3617983262
194.3310603,0.3554482217
194.3306236,0.3418090243
194.3299922,0.3532970708
194.329126,0.3485055731
194.3283485,0.3814515438
194.3274607,0.3508429594
194.3268201,0.3560223411
194.3262108,0.3518334322
194.3254571,0.3727773665
194.3246178,0.3447001666
194.3240071,0.3520058009
194.3234195,0.3459384641
194.3226691,0.380086063
194.3218485,0.3539045259
194.3211186,0.3725796247
194.3204245,0.3452973456
194.3198164,0.352978797
194.3192388,0.3465108126
194.3188213,0.3331943096
194.3182405,0.3413750085
194.3174365,0.3373439183
194.3167078,0.3712011141
194.315871,0.3416800007
194.3152571,0.3488145276
194.3146754,0.3446190514
194.3139627,0.361828362
194.3131752,0.3348655607
194.3125909,0.3429281088
194.3120279,0.3367474086
194.3116467,0.3254927298
194.311086,0.3333332541
194.3103206,0.3292174033
194.3096165,0.3648293583
194.3088082,0.3349850832
194.3082161,0.342142573
194.30765,0.3383192254
194.3069584,0.3551223709
194.3061917,0.3280547575
194.3056271,0.3359258637
194.3050824,0.329678158
194.304398,0.3619997687
194.3036491,0.3369400313
194.3030932,0.3443241389
194.3025576,0.3380643478
194.3018848,0.3552808491
194.3011496,0.3303789661
194.3006039,0.3373620407
194.3000823,0.3310298066
194.2996947,0.3174376882
194.2991626,0.3252955964
194.2984264,0.3220913749
194.2977654,0.3527597508
194.2970058,0.3242821992
194.2964489,0.3307136321
194.2959208,0.3269497225
194.2952734,0.3457572338
194.2945576,0.3207212662
194.2940265,0.3277882388
194.2935142,0.3227102579
194.2931643,0.3113787632
194.292656,0.3180038293
194.291962,0.3149453188
194.2913281,0.3454583669
194.2905913,0.3176140265
194.2900493,0.3252165087
194.2895298,0.321178676
194.288909,0.3394129469
194.2882127,0.3146388178
194.2876986,0.3205372926
194.2872045,0.3159894488
194.2865937,0.3433742237
194.2859134,0.3202876617
194.2854056,0.326368897
194.2849166,0.3209611497
194.2843163,0.3394746504
194.2836447,0.3162116732
194.2831446,0.3227332934
194.2826667,0.3172217948
194.282313,0.3038333544
194.2818344,0.3099530318
194.2811702,0.3070256477
194.280581,0.3340075105
194.2798866,0.3074825891
194.2793795,0.3135092724
194.2788993,0.31076396
194.2783167,0.3298988032
194.2776645,0.3066467915
194.2771775,0.3131389156
194.2767102,0.3082427364
194.2763866,0.2978943096
194.2759232,0.3041297305
194.2752881,0.3017748353
194.2747173,0.3282614861
194.2740423,0.3019027957
194.2735483,0.3076068888
194.2730765,0.3051353172
194.2725143,0.3243570979
194.2718758,0.3009917237
194.2714047,0.3072489426
194.2709515,0.3028895138
194.2706484,0.2929396101
194.2702005,0.2988330282
194.2695925,0.2963570587
194.2690391,0.3223288712
194.2683831,0.2967300225
194.2679048,0.3022812058
194.2674467,0.2999343683
194.2669016,0.3187856942
194.2662801,0.2958778074
194.2658238,0.3016854441
194.2653843,0.2976893277
194.2648453,0.3220478781
194.2642369,0.3005893877
194.2637859,0.3061781499
194.2633544,0.3017489906
194.2628234,0.3195281965
194.262226,0.2984004959
194.2617773,0.3044031456
194.2613488,0.2996506632
194.2610377,0.287329963
194.2606153,0.2925916129
194.2600312,0.2900976968
194.2595097,0.3146433146
194.2588911,0.2907397952
194.2584402,0.2953790995
194.2580119,0.2936644108
194.2574984,0.3112053685
194.2569126,0.2896160364
194.2564798,0.2955077954
194.2560653,0.291508942
194.2557787,0.2818165876
194.2553679,0.2874097592
194.2548067,0.2854327702
194.2543014,0.3095139155
194.2536972,0.285766201
194.2532594,0.290383102
194.2528418,0.2887300375
194.2523439,0.3060912366
194.2517725,0.2847793974
194.2513531,0.2901306148
194.2509515,0.2869130857
194.2506813,0.2776444584
194.2502799,0.2834453903
194.249738,0.2810627769
194.2492475,0.3048599694
194.2486597,0.2817166144
194.2482345,0.2858826618
194.2478272,0.2843086033
194.2473443,0.3012669314
194.2467887,0.2807137978
194.2463789,0.2860239115
194.2459841,0.2823686818
194.2455065,0.304698101
194.2449615,0.2853906141
194.2445587,0.2901778938
194.2441714,0.2865306802
194.2437007,0.3024712456
194.2431618,0.2828384838
194.2427646,0.2880051609
194.2423862,0.2841348662
194.2421066,0.2723333028
194.2417286,0.2773779034
194.2412062,0.2752037466
194.2407412,0.2975605591
194.2401857,0.2757918455
194.239783,0.2797839479
194.2394017,0.2785335101
194.2389444,0.294675559
194.2384202,0.2752614348
194.2380327,0.2800799626
194.2376617,0.2772791738
194.2374034,0.2681377581
194.2370373,0.2727754742
194.2365371,0.2711806559
194.2360867,0.2931602913
194.2355429,0.2714461875
194.23515,0.2759131664
194.2347753,0.2744909892
194.2343307,0.2904398967
194.2338175,0.2711539946
194.2334414,0.2757703677
194.2330816,0.2730421404
194.232837,0.2643154536
194.2324808,0.268742488
194.2319978,0.2671923756
194.2315601,0.2888626658
194.2310302,0.2676450821
194.2306494,0.2715636155
194.2302848,0.2704540066
194.2298524,0.2859973367
194.2293503,0.2668407414
194.2289831,0.2717581582
194.2286301,0.2687827695
194.2282031,0.2891188966
194.227711,0.2712627009
194.2273499,0.2754589551
194.227005,0.2726865792
194.2265831,0.287464542
194.2260997,0.2699055448
194.2257413,0.2739461651
194.2254031,0.2709915568
194.2251478,0.2597459321
194.2248099,0.2641325478
194.2243417,0.2623595844
194.2239277,0.2828134448
194.2234246,0.2628881928
194.2230609,0.2664034867
194.2227165,0.2655931338
194.2223077,0.2804073563
194.2218311,0.2622408083
194.2214834,0.2668623859
194.2211514,0.2646685109
194.2209141,0.2558741776
194.2205864,0.2598094418
194.2201358,0.2586050601
194.2197313,0.278700863
194.2192397,0.2587914239
194.2188867,0.2624018891
194.2185512,0.261690844
194.2181535,0.2765495283
194.2176893,0.2589056373
194.2173484,0.2630900889
194.2170212,0.2608998366
194.2167957,0.2524847219
194.21648,0.2563017401
194.2160464,0.2547054769
194.2156538,0.2744387976
194.2151735,0.2549987549
194.2148245,0.2593717476
194.2144904,0.2585320498
194.2141046,0.2735683217
194.213651,0.2563360603
194.2133192,0.2592253102
194.2130018,0.2574388006
194.2127855,0.2496668462
194.2124786,0.2526526901
194.2120583,0.2514030757
194.2116754,0.2707519923
194.2112074,0.2519175284
194.2108719,0.2549786937
194.2105508,0.2548435752
194.2101732,0.269048303
194.2097281,0.2518367046
194.2094074,0.2553817789
194.2091001,0.2536904418
194.208726,0.271714878
194.2082905,0.2558209539
194.2079718,0.2591172604
194.2076689,0.2569511565
194.2074468,0.2480949696
194.207078,0.2620529423
194.2066313,0.2441673611
194.2062861,0.2484104597
194.2058276,0.247602455
194.2054645,0.2657053181
194.2050347,0.2494337807
194.2047093,0.2518869177
194.2044049,0.2515724748
194.204046,0.2650420015
194.2036235,0.2491066631
194.203314,0.2532674563
194.2030195,0.2514298822
194.2028047,0.242360201
194.2025186,0.2451438506
194.2021202,0.2443560157
194.2017671,0.2622955713
194.2013285,0.2443980573
194.2010135,0.2482174985
194.2007146,0.2477723055
194.2003631,0.2610517782
194.1999514,0.2453792088
194.1996492,0.2487626781
194.1993605,0.2474741762
194.1991557,0.2395391811
194.1988772,0.2424325825
194.1984917,0.2411171479
194.1981475,0.2589299332
194.1977192,0.241394037
194.1974112,0.2453876871
194.1971156,0.2446058827
194.1967744,0.2580257688
194.1963702,0.242427469
194.1960758,0.2452939108
194.1957948,0.2442256184
194.1955956,0.2369884837
194.195325,0.2393633068
194.1949492,0.2389326477
194.194612,0.2562914622
194.1941934,0.2390460626
194.193895,0.2426500006
194.1936085,0.2418443493
194.1932761,0.2550348657
194.1928806,0.2398655664
194.1925935,0.2426416925
194.1923192,0.2415713011
194.1921264,0.2343078594
194.1918633,0.2363935759
194.191498,0.2358929762
194.1911694,0.2529059805
194.1907602,0.2361069372
194.190467,0.2397043532
194.190185,0.2391426422
194.1898616,0.2523545774
194.1894746,0.2375078697
194.1891943,0.2399998458
194.1889248,0.2391072365
194.1887368,0.2320750418
194.188481,0.2341972435
194.1881259,0.2331431887
194.1878049,0.2497879657
194.1874049,0.2334783715
194.1871205,0.2360577084
194.1868477,0.2364510215
194.1865311,0.2490731285
194.1861503,0.2341962479
194.185878,0.2370287664
194.1856177,0.2359476789
194.1854325,0.2293034301
194.1851836,0.2313698469
194.1848369,0.2308099458
194.1845246,0.247159207
194.184131,0.2308242247
194.1838537,0.2337184936
194.1835889,0.2340090579
194.1832777,0.2462296174
194.1829071,0.2319810833
194.1826412,0.2346673055
194.182387,0.2337437093
194.1822065,0.2269075317
194.1819637,0.2286038785
194.1816265,0.2282122317
194.1813217,0.2443707594
194.1809375,0.2284831367
194.1806644,0.2315357411
194.1804027,0.2313582516
194.180101,0.2437242221
194.1797377,0.2297613713
194.1794774,0.2321658101
194.1792271,0.2314848658
194.1790498,0.2248400409
194.1788152,0.2267496549
194.1784865,0.2258691506
194.1781881,0.2416083167
194.177812,0.2262019002
194.1775467,0.2291151731
194.1772917,0.2289597693
194.176997,0.2411443771
194.1766395,0.2271888595
194.176386,0.2295804469
194.1761428,0.2289328125
194.1759677,0.2225956071
194.1757378,0.2242813333
194.1754149,0.2239461681
194.1751216,0.2392684561
194.1747536,0.2240286029
194.1744937,0.2264624477
194.1742439,0.2270106237
194.1739559,0.2391431481
194.1736054,0.2252711786
194.1733594,0.2274179669
194.1731243,0.2269430315
194.1729527,0.2204170251
194.1727288,0.2219426853
194.1724134,0.221578771
194.1721283,0.2367931814
194.1717676,0.2218897613
194.1715154,0.2241483879
194.1712752,0.2247237553
194.1709923,0.2362230013
194.1706503,0.2230115619
194.170409,0.2253606064
194.1701784,0.2247916988
194.1700095,0.2184197101
194.1697916,0.2197352232
194.169483,0.2192996228
194.1692042,0.2341381576
194.1688503,0.2194747507
194.1686053,0.2225261577
194.1683698,0.2222348667
194.1680935,0.233680127
194.1677581,0.2206230961
194.1675228,0.2229073989
194.1672974,0.2226503341
194.1671295,0.2164417585
194.1669172,0.2177639708
194.1666153,0.2174896515
194.1663424,0.2320531908
194.1659957,0.2176296534
194.1657553,0.2201193498
194.165526,0.2205874504
194.165256,0.2317791825
194.1649268,0.2189511755
194.1646969,0.2211456974
194.1644781,0.2208488485
194.1643133,0.2144333388
194.1641052,0.2157357543
194.1638082,0.2154785447
194.1635416,0.2297638375
194.1632014,0.2156152102
194.1629679,0.2184801672
194.1627432,0.2185029742
194.1624791,0.2295648815
194.1621558,0.2168235001
194.1619305,0.2191399805
194.1617147,0.2187862071
194.1615518,0.2125105884
194.1613498,0.2139508397
194.1610594,0.2134030374
194.1607983,0.2274013197
194.160465,0.2136342513
194.1602339,0.2159704916
194.1600125,0.216459977
194.159755,0.2276673128
194.1594381,0.2152114929
194.1592183,0.2170849372
194.1590068,0.2169509407
194.1588448,0.2108295131
194.1586487,0.2123594214
194.1583648,0.2120504573
194.1581075,0.2257056206
194.1577811,0.2120275184
194.1575568,0.2138092395
194.157344,0.2146325067
194.1570911,0.2254160354
194.1567809,0.2133556674
194.1565659,0.2153206465
194.1563604,0.2152737525
194.156201,0.2089444505
194.1559492,0.2218802948
194.1556314,0.2087913424
194.1553994,0.2112945309
194.1550806,0.211269482
194.1548312,0.2215763344
194.1545238,0.2091625104
194.1543048,0.2110105726
194.1541007,0.2119323957
194.1539503,0.2068305405
194.1537031,0.2197340634
194.1533922,0.2069503224
194.1531618,0.2095885644
194.1528485,0.2092986522
194.1526059,0.2196797642
194.152304,0.2074158317
194.1520856,0.2093020635
194.1518821,0.2100401038
194.1517334,0.2051734337
194.1515472,0.2067957069
194.1512791,0.2064316298
194.1510401,0.2194811496
194.1507288,0.2061435067
194.1505136,0.2085877675
194.1503088,0.2095038436
194.1500703,0.2198696756
194.1497767,0.2082201939
194.1495724,0.2100019932
194.1493786,0.2101632186
194.1492259,0.2041393036
194.1490432,0.2052121161
194.1487773,0.2049101635
194.1485429,0.2179113644
194.148239,0.205004282
194.1480294,0.2070184959
194.1478293,0.2079802419
194.1475964,0.2181793604
194.1473067,0.2064917753
194.1471075,0.2085626368
194.1469174,0.2086700171
194.1467651,0.2026136558
194.1465334,0.2147404652
194.146239,0.2025900231
194.1460219,0.2048930174
194.1457215,0.204692814
194.1454915,0.2143393049
194.1452057,0.2026966246
194.1450028,0.2043099973
194.1448141,0.2054451284
194.1446691,0.2006180805
194.1444411,0.2125553938
194.1441514,0.2004129735
194.1439362,0.2031351033
194.1436408,0.2031249768
194.1434159,0.2128355051
194.1431361,0.2014772847
194.1429335,0.2026744582
194.1427466,0.2040818336
194.1426047,0.1991451149
194.1424294,0.2013567571
194.1421742,0.2008203528
194.1419535,0.2130120141
194.1416644,0.2006080007
194.141467,0.2019488931
194.1412806,0.2032672668
194.1410609,0.212746768
194.1407867,0.2018240974
194.1405969,0.2039302364
194.140417,0.2041724653
194.1402696,0.1982652793
194.1400503,0.2094828378
194.1397706,0.1979051937
194.1395639,0.2001764239
194.1392778,0.2000038263
194.1390624,0.2093979073
194.1387915,0.1985297103
194.1385945,0.1999539708
194.1384129,0.2011551737
194.1382721,0.1963764963
194.1381064,0.1976350171
194.1378612,0.1976309797
194.1376491,0.2093258479
194.1373697,0.1973598241
194.1371764,0.1995383188
194.1369939,0.2004293145
194.1368591,0.1962772308
194.1366482,0.2060187257
194.1363758,0.1947915895
194.1361717,0.1968268736
194.1358914,0.196780114
194.1356817,0.2078174493
194.1354175,0.1972683627
194.135226,0.1981167915
194.1350494,0.1996441108
194.1349147,0.1951828989
194.1347066,0.2042754419
194.134437,0.1928203017
194.1342373,0.1953959316
194.1339618,0.1952168434
194.1337551,0.2059140747
194.1334939,0.1951550368
194.133307,0.1967360273
194.1331345,0.1980437857
194.1330001,0.1937467393
194.132795,0.2027673747
194.132531,0.1916018875
194.1323329,0.1940696117
194.1320606,0.1941669082
194.1318579,0.2048008949
194.1316018,0.1942031237
194.1314144,0.1956299132
194.1312423,0.197152009
194.1311092,0.1924908074
194.1309083,0.2015839621
194.1306483,0.1903979985
194.1304534,0.1928372062
194.1301842,0.1931032208
194.129986,0.2035985762
194.1297336,0.1930796295
194.1295512,0.1946763091
194.1293838,0.1957511642
194.1292519,0.1912784386
194.1290552,0.2000595694
194.1287997,0.1893557105
194.128607,0.191810701
194.1283414,0.1918459105
194.1281454,0.2020091029
194.1278976,0.1917077097
194.1277156,0.1931853518
194.1275488,0.1945189475
194.1274167,0.1900695286
194.1272234,0.198990772
194.1269707,0.1878719689
194.1267811,0.1904794876
194.1265179,0.190767062
194.126326,0.2008538397
194.1260819,0.1906137537
194.1259038,0.1920731166
194.125741,0.1935796525
194.1256106,0.1889402298
194.1254201,0.1975395815
194.1251725,0.1868915587
194.1249852,0.1893268095
194.1247264,0.1894987496
194.1245378,0.1993652046
194.1242981,0.1894458254
194.1241206,0.190627829
194.1239602,0.1922003289
194.1238311,0.1877687219
194.1236443,0.1963283792
194.1234009,0.186000109
194.1232149,0.1882736856
194.122958,0.188400736
194.1227729,0.1981956517
194.1225366,0.188295077
194.1223617,0.1895634738
194.1222031,0.1911806119
194.1220736,0.1867358078
194.12189,0.1952070604
194.121649,0.1845749239
194.1214663,0.1870557688
194.1212122,0.1874182486
194.1210301,0.1970189268
194.1207977,0.1873241573
194.1206256,0.1886023458
194.1204704,0.1900636265
194.1203427,0.1855461894
194.1201978,0.1865015622
194.1199796,0.1866487612
194.1198012,0.1955344147
194.1195619,0.1849307076
194.119392,0.1863943177
194.119235,0.18827088
194.1191108,0.1843494599
194.1189691,0.1850581131
194.1187561,0.1848123839
194.1185792,0.1950287425
194.1183408,0.1842666672
194.1181733,0.1858427498
194.118017,0.1875690627
194.1178949,0.1841207684
194.1177171,0.1925134021
194.1174829,0.1820263009
194.1173061,0.1843736777
194.1170598,0.1845242456
194.1168834,0.193846921
194.1166572,0.1842842643
194.1164916,0.1852289203
194.1163408,0.187215169
194.1162179,0.1830405377
194.1160788,0.1840046726
194.1158685,0.1838015526
194.115696,0.1925981668
194.115463,0.182104119
