278.2131092,140.2769231
278.1854057,129.2474465
278.1580904,127.5435203
278.1516326,124.3573766
278.145618,121.4154639
278.1405059,117.7378529
278.1358963,116.0089863
278.1317798,113.4657809
278.1198118,119.0556446
278.0938263,108.0964335
278.0862917,107.5331052
278.0798611,103.6424402
278.0767244,104.5457793
278.0738643,102.1897585
278.0702863,100.1189023
278.0637809,99.70823757
278.0610585,100.6804166
278.0554189,97.43759293
278.0527525,98.60066056
278.0501386,97.05445031
278.0475689,98.17302637
278.0450354,96.81371718
278.0418723,95.02703396
278.0361526,94.9787271
278.0336512,96.06568713
278.0285789,93.20587814
278.0260676,94.39575887
278.0235892,93.01599621
278.0211398,94.12282882
278.0187164,92.86084011
278.0163171,93.89914592
278.0139398,92.7185933
278.0115832,93.70342075
278.009246,92.58194885
278.0069268,93.52450097
278.0046245,92.44670558
278.0023387,93.35557786
278.0000683,92.31064369
277.997813,93.19235183
277.9955718,92.17255903
277.9933441,93.03207248
277.9911298,92.03185119
277.988281,90.54274788
277.9829613,90.57715971
277.9807597,91.43166115
277.9761163,88.74953793
277.9739052,89.63380462
277.9717104,88.62147372
277.9695309,89.47697096
277.967366,88.49794607
277.9652149,89.32731269
277.9630767,88.37085742
277.9609512,89.17955765
277.958838,88.2401281
277.9567367,89.03199882
277.9546467,88.10574233
277.9525681,88.88371052
277.9505004,87.96795932
277.9484433,88.73419979
277.9463964,87.82708765
277.9443599,88.58324241
277.9423332,87.6834583
277.9403164,88.4307737
277.9383092,87.53739373
277.9357008,86.17045272
277.9308671,86.36761685
277.9288693,87.11697713
277.9246707,84.71635589
277.9226675,85.46692712
277.9206766,84.59214286
277.9186973,85.32961901
277.9167291,84.47080376
277.9147713,85.19432014
277.912824,84.34554101
277.9108866,85.057867
277.908959,84.21678147
277.9070409,84.91977677
277.905132,84.08483846
277.9032322,84.7799292
277.9013414,83.95014896
277.8994595,84.63837233
277.8975862,83.8131171
277.8957214,84.49524251
277.8938649,83.67411456
277.8920168,84.35071378
277.8901768,83.53347001
277.887765,82.31312874
277.8833843,82.52926728
277.8815524,83.20887357
277.8777635,81.09534067
277.8759272,81.76746455
277.8741015,80.97537736
277.8722857,81.64002374
277.8704793,80.85852463
277.8686821,81.51364297
277.8668938,80.73845813
277.8651138,81.38589079
277.8633425,80.61560741
277.8615795,81.25655693
277.8598244,80.49027549
277.8580773,81.12566692
277.8563381,80.36285683
277.8546065,80.99335004
277.8528825,80.23370725
277.8511662,80.85978213
277.8494574,80.10314783
277.8472058,78.95142776
277.8432401,79.23480797
277.8415383,79.86357518
277.8381119,78.02914499
277.8364055,78.65032417
277.8347089,77.91478111
277.8330213,78.53084799
277.8313422,77.80380648
277.8296712,78.41222772
277.8280083,77.69025234
277.8263533,78.29246018
277.8247059,77.57448108
277.8230658,78.17141149
277.8214333,77.45674362
277.8198082,78.04912304
277.81819,77.33737182
277.8165786,77.92571672
277.8149743,77.2166651
277.8128614,76.16180378
277.8092546,76.44054889
277.8076573,77.03112369
277.8045381,75.42391177
277.8029356,76.00921202
277.8013422,75.31482437
277.799757,75.89617763
277.7981798,75.20933491
277.7966101,75.78397355
277.795048,75.1017803
277.7934933,75.67090734
277.7919458,74.99245817
277.7904052,75.55687331
277.7888714,74.88156705
277.7873444,75.44190034
277.7858239,74.76938211
277.78431,75.32608564
277.7828026,74.65615319
277.7808069,73.65456532
277.7775039,73.95507704
277.7760028,74.51368665
277.7731491,73.10025537
277.7716429,73.65433933
277.7701451,72.99568722
277.7686551,73.5469361
277.7671722,72.89483197
277.7656968,73.44025237
277.7642281,72.7923597
277.7627662,73.332908
277.7613111,72.68852349
277.7598623,73.2248505
277.7584199,72.58348352
277.7569839,73.11611506
277.7555538,72.47746776
277.7536627,71.54852305
277.7506296,71.83974838
277.7492056,72.37373145
277.7465796,71.11886914
277.7451505,71.65025599
277.7437293,71.01839357
277.7423153,71.54734877
277.7409084,70.92171469
277.7395082,71.44520195
277.7381147,70.82377178
277.7367275,71.34263024
277.7353465,70.72477286
277.7339718,71.23958978
277.7326033,70.62484023
277.7308033,69.74148538
277.7280113,70.03533502
277.7266488,70.55086655
277.7242195,69.42776187
277.7228511,69.94286576
277.7214905,69.33068021
277.7201369,69.84335261
277.7187899,69.23742644
277.7174495,69.74469753
277.7161155,69.14320662
277.7147879,69.64585924
277.7134663,69.04817797
277.7121506,69.54678047
277.7108407,68.95242883
277.7095366,69.44745662
277.7082382,68.85611284
277.7065202,68.02176496
277.7039197,68.31399785
277.7026269,68.80968447
277.700366,67.79328051
277.699068,68.28762648
277.6977771,67.6992216
277.6964928,68.19199498
277.6952148,67.60895299
277.6939428,68.09703105
277.6926768,67.51797063
277.6914166,68.00192572
277.690162,67.4264339
277.6885172,66.61828426
277.6872683,67.10433106
277.685955,66.52074745
277.683536,66.81876331
277.6822973,67.30140035
277.6802584,66.379611
277.6790151,66.86059709
277.6777789,66.28874748
277.6765489,66.76760524
277.675325,66.20121379
277.6741069,66.67528674
277.6728946,66.11331263
277.6716878,66.58315807
277.6704866,66.02502125
277.6689091,65.22913056
277.6677132,65.70090039
277.6664508,65.1382886
277.6652645,65.60882525
277.6640835,65.04723082
277.6629073,65.51611294
277.6617361,64.95638964
277.6605699,65.42300902
277.6594085,64.86539909
277.6571185,65.1954077
277.6559619,65.657348
277.6540606,64.81608904
277.6525434,63.98208004
277.6513836,64.44353681
277.6501587,63.89768434
277.6490096,64.35982406
277.6478662,63.81165162
277.646728,64.27106841
277.6455946,63.72574128
277.6444662,64.18210641
277.6433427,63.63955134
277.6422242,64.09299946
277.6411104,63.55326913
277.6400011,64.00390804
277.6388966,63.4669625
277.6377966,63.91492605
277.636701,63.38072198
277.6345488,63.76417761
277.6330877,62.83108406
277.6319965,63.28035805
277.6301537,62.519067
277.629059,62.96331051
277.6279699,62.43341874
277.6268859,62.87778949
277.625807,62.35146998
277.6247329,62.79269109
277.6236635,62.26936141
277.6225986,62.70758974
277.6215385,62.18722831
277.620483,62.62261458
277.6194317,62.10511408
277.6183848,62.53782794
277.6173421,62.02309723
277.6163035,62.45328154
277.6152692,61.94124516
277.6142391,62.36901777
277.613213,61.85961949
277.6111887,62.38403264
277.6097774,61.2046518
277.6087554,61.63462789
277.6070336,60.96034815
277.6060086,61.3840743
277.6049887,60.87871935
277.6039733,61.30314658
277.6029626,60.80071539
277.6019563,61.22256043
277.6009543,60.72270666
277.5999563,61.14198986
277.5989627,60.64480356
277.5979733,61.06158791
277.5969878,60.56704139
277.5960062,60.98142963
277.5950286,60.4894839
277.594055,60.90156997
277.5930853,60.41218525
277.5921191,60.82205008
277.5911567,60.33519457
277.5892625,61.08380606
277.5879019,59.49862776
277.5869434,59.9120304
277.5853342,59.33620345
277.584373,59.74266307
277.5834163,59.25842321
277.5824638,59.66589872
277.5815155,59.18423159
277.5805715,59.58946919
277.5796314,59.11012334
277.5786951,59.51307655
277.5777627,59.03621822
277.5768339,59.43689833
277.5759089,58.96254299
277.5749876,59.36101157
277.57407,58.88915116
277.5731559,59.28547109
277.5722455,58.81608616
277.5713386,59.21031475
277.570435,58.74338727
277.5695349,59.13557238
277.5686383,58.67108787
277.5677449,59.06126831
277.5668549,58.5992164
277.5659684,58.98742301
277.565085,58.52779695
277.5642049,58.91405407
277.5633281,58.45684995
277.5615573,59.63957846
277.5602393,57.41074744
277.5593658,57.8020302
277.5578705,57.35119607
277.556995,57.73351643
277.5561235,57.27895327
277.5552556,57.66286197
277.5543914,57.21025104
277.5535306,57.5924835
277.5526733,57.14177585
277.5518195,57.5221498
277.550969,57.07361509
277.5501216,57.45205629
277.5492777,57.00578874
277.548437,57.38229286
277.5475995,56.93833637
277.546765,57.31291799
277.5459336,56.8712893
277.5451052,57.24396918
277.5442799,56.80467532
277.5434577,57.17547353
277.5426387,56.73851761
277.5418225,57.10745146
277.5410091,56.67283555
277.5401987,57.03991918
277.5393912,56.60764527
277.5385867,56.9728899
277.5377852,56.54296022
277.5369864,56.90637465
277.5361904,56.47879159
277.5353973,56.84038272
277.534607,56.41514873
277.5329726,58.16669221
277.5316081,57.61394686
277.5304142,57.71512559
277.5292417,57.27896033
277.5280926,57.32322701
277.5269612,56.97246823
277.5258493,56.98480107
277.5247529,56.67540494
277.5236741,56.67450178
277.5226096,56.39672184
277.521822,56.75661196
277.5204132,56.24382508
277.518887,56.29428176
277.5177574,55.96497667
277.5169683,56.31829123
277.5156622,55.83238778
277.5148695,56.18453506
277.5140812,55.76732496
277.5132966,56.12124588
277.5125159,55.70572229
277.5110818,55.79859503
277.5099767,55.42964311
277.5091995,55.78381487
277.5079664,55.31600159
277.5071856,55.66677919
277.5064091,55.2520798
277.5056363,55.60369731
277.5048675,55.19137478
277.5041023,55.54106894
277.5033405,55.13102329
277.5025821,55.47864793
277.5018269,55.07107617
277.5004554,55.20396599
277.4993734,54.79095502
277.4986214,55.13823621
277.4974476,54.69211133
277.4966926,55.03570161
277.4959414,54.63017071
277.4951939,54.97450209
277.4944499,54.57119934
277.4937092,54.913689
277.4929717,54.51258102
277.4916672,54.68332529
277.4906091,54.20218111
277.4898749,54.54460318
277.488756,54.12155373
277.4880189,54.46068738
277.4872856,54.06098686
277.4865559,54.4007208
277.4858296,54.00324751
277.4851066,54.34112248
277.4843868,53.94587253
277.4836701,54.28171053
277.4829565,53.88893541
277.4817083,54.13425226
277.480673,53.52561015
277.4799624,53.86160425
277.4788929,53.46757503
277.4781798,53.80015746
277.4774703,53.4087851
277.4767643,53.74193469
277.4760615,53.35267822
277.4753618,53.68404157
277.474665,53.29694953
277.4739713,53.62632807
277.4732805,53.24167054
277.4725925,53.56899006
277.4719074,53.18683786
277.47071,53.54511883
277.4696981,52.70884444
277.4690159,53.03703482
277.4679923,52.68693297
277.4673079,53.01144454
277.4666269,52.63025223
277.4659489,52.95536658
277.4652737,52.57615809
277.4646018,52.89960734
277.4639327,52.52244145
277.4632662,52.84400261
277.4626025,52.46918242
277.4619414,52.78876067
277.4612831,52.41637816
277.4606273,52.73395536
277.4599743,52.36404184
277.4588329,52.94182953
277.4578436,51.72743017
277.457193,52.04687758
277.4562162,51.75961674
277.455564,52.07503603
277.4549148,51.70535389
277.4542682,52.02144337
277.4536244,51.65358898
277.4529834,51.96813996
277.4523449,51.6022155
277.4517092,51.91498295
277.4510759,51.55130578
277.4504452,51.86217831
277.449817,51.50085779
277.4491911,51.8098024
277.4485676,51.45088242
277.4479465,51.75789873
277.4473277,51.40138445
277.4467111,51.70648751
277.4460971,51.35236788
277.4454855,51.65557877
277.4448759,51.30383525
277.4437897,52.21654936
277.4428223,50.47097678
277.3904998,72.640238
277.3887735,72.17275845
277.3875075,70.2906758
277.3840836,71.92229266
277.382898,72.40165917
277.3816885,72.38109383
277.3805521,72.05159001
277.3794177,71.55859441
277.377222,70.96635174
277.3761349,70.63615054
277.3750561,70.53920766
277.3740021,69.97896327
277.3729629,69.84699045
277.3709166,69.53906333
277.3699114,69.31174073
277.3689175,68.91341133
277.3669596,68.62524233
277.365998,68.38543956
277.365046,67.97726254
277.3631734,67.71153761
277.3622549,67.46863922
277.3613455,67.08882298
277.3595573,66.7482222
277.3586836,66.53994374
277.357818,66.23420865
277.3561121,65.73224872
277.3552854,65.530541
277.3544673,65.34049439
277.3528507,64.44192098
277.3520832,64.35784232
277.3513224,64.44981923
277.3497982,62.87590754
277.3491031,62.87556258
277.3483436,64.29101655
277.3475813,64.04294419
277.3468382,62.74066464
277.3454525,63.51590059
277.3447193,63.25099019
277.3439746,63.17718344
277.342549,62.86330051
277.3418481,62.56293536
277.3408969,62.23940685
277.340114,62.05852342
277.3387524,61.84475901
277.3374656,61.85306877
277.3367596,61.50868018
277.3360051,61.34193439
277.3346977,61.11201677
277.3334456,61.15152382
277.3327456,60.78334505
277.3320187,60.62603972
277.3307668,60.35152045
277.3295493,60.45389524
277.3288545,60.06941794
277.3281563,59.94589056
277.326957,59.56382205
277.3257748,59.74294894
277.3250854,59.34550289
277.3244171,59.25743173
277.3232739,58.61106268
277.3221326,58.97180346
277.3214481,58.56558058
277.3208162,58.59768298
277.3197272,57.46799299
277.3186346,58.10336475
277.3179555,57.69147115
277.3168192,57.78148881
277.3153515,57.76055085
277.31432,55.76012292
277.313289,56.89285998
277.3123901,56.46509104
277.3113245,56.60943725
277.3099346,56.91801832
277.3088726,56.9986662
277.3077793,57.09898421
277.3069209,56.68347742
277.3063339,55.9546117
277.3053977,56.39760319
277.3043271,56.56476503
277.3036593,56.2144137
277.3026344,56.30456105
277.3012322,54.91547831
277.3003224,55.22999062
277.2992768,55.39746121
277.2984529,55.01373392
277.2978609,55.41830518
277.2972723,54.96657446
277.296687,55.38770668
277.2957763,55.22606457
277.2947545,55.40660714
277.2940895,54.95258391
277.293097,55.02851686
277.2917335,54.67306927
277.2908626,54.57027236
277.2898638,54.75615319
277.2890602,54.300678
277.2881082,54.35158851
277.2867783,54.01464227
277.2859419,53.90538171
277.2849598,54.10646476
277.2841789,53.64528465
277.2832622,53.68364816
277.2819649,53.36988554
277.2811627,53.230133
277.2801976,53.46247329
277.2794352,52.99534539
277.2785495,53.02569728
277.2772849,52.7443717
277.2765149,52.55214765
277.2755679,52.8219922
277.2748204,52.34928472
277.2739624,52.37720146
277.2727298,52.12593142
277.2719931,51.78185537
277.2710668,52.14707478
277.2703325,51.66822311
277.269499,51.69425216
277.2683017,51.52498617
277.2675965,50.91119716
277.2666952,51.41907235
277.2659721,50.935137
277.2653905,51.37186107
277.264813,50.88502768
277.2639971,50.92289463
277.2628372,50.85779714
277.2621674,49.71654423
277.2613071,50.51619023
277.2605966,50.03336759
277.2600236,50.47064832
277.2594544,49.98241807
277.2586566,50.04064429
277.2575446,50.19234498
277.2569067,48.41000537
277.2560909,49.53537012
277.2553923,49.05993461
277.2548273,49.49775653
277.2542659,49.00897531
277.2537076,49.44838794
277.2531526,48.96627322
277.2526007,49.39739596
277.2520516,48.9224403
277.2512666,49.04452071
277.2502044,49.34620469
277.2495371,49.47727203
277.2486864,49.69167457
277.248004,49.25800951
277.2474581,49.6710072
277.2469151,49.20907812
277.2463751,49.62392342
277.2458377,49.16822949
277.2453031,49.57539129
277.2447711,49.12618307
277.2440059,49.35666005
277.2429027,48.34648663
277.2423061,48.52932093
277.2414856,48.77455637
277.2408188,48.38523628
277.2402895,48.78480459
277.239763,48.33731216
277.239239,48.73908924
277.2387174,48.29716866
277.2381982,48.69195862
277.2376817,48.2558714
277.2371675,48.64485652
277.2366557,48.21505358
277.236146,48.59813008
277.2356385,48.17467471
277.2351335,48.5519362
277.2346303,48.13476622
277.2338848,48.5714587
277.2328105,46.99626092
277.2322473,47.3926229
277.2314648,47.59544882
277.2308209,47.2877458
277.2303199,47.65987766
277.2298213,47.2420947
277.229325,47.61714544
277.2288309,47.20387424
277.228339,47.57303273
277.2278493,47.16454576
277.2273615,47.52890291
277.2268757,47.12567065
277.2263919,47.48507985
277.2259102,47.08721098
277.2254304,47.44171562
277.2249527,47.04919823
277.2244769,47.39888506
277.2240028,47.0116344
277.2235307,47.35662095
277.2230604,46.97451923
277.2223461,47.75005246
277.2212985,45.33051495
277.2207741,46.03405659
277.2200328,46.21328551
277.2194144,46.02149942
277.218946,46.36426035
277.2184795,45.97857912
277.218015,46.32507651
277.2175522,45.94288419
277.2170914,46.28452813
277.2166327,45.90611003
277.2161756,46.2438873
277.2157203,45.86976523
277.2152669,46.20348216
277.2148151,45.83381123
277.2143649,46.16346364
277.2139167,45.79827986
277.2134701,46.12390995
277.2130253,45.76317402
277.2125822,46.08485728
277.2121406,45.72849447
277.2117008,46.04632184
277.2112624,45.69423984
277.2108257,46.00830838
277.2103907,45.66040788
277.2099573,45.97081566
277.2095255,45.62699591
277.2090952,45.9338392
277.2086665,45.59400097
277.2079939,46.8673823
277.206886,46.62654998
277.206328,46.52808657
277.2056361,46.67141536
277.2050293,46.33154987
277.2042681,46.34239721
277.2032332,46.09939743
277.2026981,45.95614141
277.2020183,46.13722021
277.2014299,45.79535219
277.2006943,45.82027073
277.1996827,45.6225367
277.199169,45.37114473
277.1985027,45.6128154
277.1979282,45.26345199
277.197213,45.28026241
277.1962259,45.1494566
277.1957354,44.64150504
277.1950862,45.02712619
277.1945229,44.6694872
277.193826,44.68501669
277.1928672,44.71140711
277.1923976,43.80508873
277.1917706,44.38568087
277.1912168,44.01849898
277.190536,44.03039175
277.1896097,44.2684971
277.1889817,44.26984433
277.1883581,44.15063954
277.1877414,44.16939359
277.1871276,44.06178735
277.1866474,44.09567465
277.1859995,44.257611
277.1854524,43.88861679
277.1848073,43.93363893
277.1838866,43.61549999
277.1832873,43.6525325
277.1826893,43.50270496
277.1822458,43.45808609
277.1816094,43.66803266
277.1810692,43.28976502
277.1804483,43.38649693
277.1795554,43.01585345
277.178976,43.11675213
277.1783941,42.84033567
277.1779667,42.79981896
277.1773388,43.01186019
277.176805,42.62411641
277.1762168,42.8979539
277.1753501,42.16528121
277.1748015,42.47881061
277.1742383,41.83162467
277.1738276,41.79593494
277.1732091,42.03159496
277.1726812,41.6339325
277.1722577,41.9973971
277.1718363,41.59172297
277.1714172,41.95855234
277.1710006,41.55549565
277.170586,41.91792004
277.1701732,41.5187787
277.1697625,41.87672357
277.1693536,41.48252465
277.1689465,41.83555441
277.1685412,41.4466999
277.1681378,41.79470023
277.1677361,41.41132483
277.167336,41.75431586
277.1669375,41.37639926
277.1665409,41.71447605
277.1661459,41.34192097
277.1657524,41.67521439
277.1653603,41.3078858
277.1648102,42.10194101
277.1639705,40.48758839
277.16358,40.82284862
277.163079,40.60561551
277.1626893,40.93746772
277.1623012,40.57061414
277.1619146,40.89935452
277.1615298,40.53684893
277.160993,41.39823482
277.1603241,41.72541766
277.1597675,41.72678245
277.1592143,41.65184015
277.1586646,41.65590682
277.1581177,41.58278625
277.1575743,41.58817372
277.1570334,41.50681253
277.1564961,41.51527628
277.1559609,41.43569339
277.1554297,41.45065067
277.1549001,41.35075372
277.1543752,41.37764898
277.1538511,41.26934975
277.1534493,41.20303073
277.1528768,41.40694582
277.1523748,41.05178747
277.1518195,41.10525955
277.1510209,40.83295712
277.1505077,40.8860716
277.1499941,40.72367104
277.1494926,40.86324031
277.1489855,40.53996481
277.1486,40.39603839
277.1480372,40.6472506
277.1475433,40.2840414
277.1470243,40.54854052
277.1462562,39.87965614
277.1458733,40.20961582
277.1453897,39.90383527
277.1450083,40.23814171
277.1446286,39.8692019
277.1442504,40.20094044
277.1438739,39.83506556
277.1433651,40.17850786
277.1427949,39.39729048
277.1424246,39.12261875
277.1418801,39.44643117
277.1414106,39.21517958
277.1410363,39.5455849
277.1406638,39.17628727
277.1402929,39.50888235
277.1399236,39.1431933
277.139556,39.47150095
277.1391898,39.10970383
277.138825,39.434056
277.1384617,39.07666319
277.1380998,39.39686501
277.1377395,39.04402332
277.1373806,39.36006659
277.1370229,39.01180001
277.1366667,39.32373756
277.136312,38.97999188
277.1359585,39.28791194
277.1356063,38.9485969
277.1352556,39.25260346
277.1349061,38.9176117
277.1345578,39.21781426
277.1342109,38.88703252
277.1337236,39.61494141
277.1329809,38.06110223
277.1326353,38.36399422
277.1321831,38.21012488
277.1318381,38.51116096
277.1314943,38.17856656
277.1311518,38.47719754
277.1308109,38.14819979
277.1304712,38.44368076
277.1301328,38.11811031
277.1297954,38.41029898
277.1294593,38.08840326
277.1291266,37.9513371
277.128634,38.3958939
277.1283002,38.07847279
277.1278308,39.00136017
277.1270628,39.12615769
277.1265705,39.12311551
277.1260811,39.05637803
277.1255943,39.06192533
277.1251096,39.00235147
277.1246274,39.01006539
277.1241471,38.94787215
277.1236693,38.95814865
277.1231931,38.88596904
277.1227196,38.90136766
277.1222474,38.82496852
277.1217788,38.85023516
277.1213105,38.74937885
277.1208468,38.79318475
277.1203824,38.66618966
277.1199249,38.74463692
277.119465,38.54566811
277.1191205,37.55876839
277.1186472,38.16125411
277.1181954,37.83582718
277.1177095,37.98393564
277.1170282,38.03845794
277.1165852,38.22700244
277.1161346,37.81836196
277.115777,37.87410354
277.1152796,38.0185765
277.1148363,37.69199708
277.1145042,37.98649283
277.1141734,37.65777627
277.1138442,37.95562202
277.1135161,37.62885722
277.1130637,38.10571372
277.1123704,37.00197607
277.1120434,37.30185944
277.1116152,37.08309572
277.111289,37.3824554
277.1109641,37.05265489
277.1105225,37.59440898
277.1100065,36.50120289
277.1096797,36.51019375
277.1091976,36.6962287
277.1087836,36.58928688
277.1084603,36.88857078
277.1081384,36.5549408
277.1078178,36.85662933
277.1074984,36.52613793
277.1071804,36.82422541
277.1068634,36.49706078
277.1065479,36.79172744
277.1062335,36.4683999
277.1059202,36.75944185
277.1056082,36.44010052
277.1052972,36.72749535
277.1049872,36.41217536
277.1046785,36.69596271
277.1043709,36.38462303
277.1040645,36.66487716
277.1037592,36.35744214
277.1034547,36.63425287
277.1031514,36.33063016
277.1028493,36.60409274
277.1025483,36.30418417
277.1022484,36.574394
277.1019492,36.27810111
277.101651,36.54515094
277.1013541,36.2523778
277.1010583,36.51635651
277.1007634,36.22701111
277.1004696,36.4880032
277.1001768,36.2019979
277.0997638,37.26183081
277.0990887,35.11379936
277.0987968,35.37982388
277.0984014,35.34657421
277.0981099,35.61245065
277.0978195,35.32052881
277.0975301,35.58454412
277.0972417,35.29561343
277.0969542,35.55707419
277.096668,35.27090916
277.0962684,36.44452544
277.0957072,36.92571335
277.095265,36.93433162
277.0948247,36.88164881
277.0943865,36.89289971
277.0939495,36.83357114
277.0935144,36.84551885
277.0930806,36.78928892
277.0926489,36.80378652
277.0922182,36.73416947
277.0917898,36.75417795
277.0913619,36.68465088
277.0909371,36.71487498
277.0905122,36.61441821
277.0900915,36.66316886
277.0896697,36.54658764
277.0892539,36.62854326
277.0888353,36.43226361
277.0884264,36.57353304
277.0880111,36.30181061
277.0876888,36.29093547
277.087246,36.41884323
277.0868437,36.13018466
277.0864121,36.3769994
277.0857624,35.73637127
277.0853664,35.99840598
277.0849597,35.50156209
277.0846504,35.49740029
277.0842136,35.64153454
277.0838194,35.34828608
277.0834273,36.00966192
277.0827957,34.68009679
277.0825104,34.94943572
277.0821324,34.80458215
277.0817466,35.47787878
277.0812396,35.75747039
277.0808324,35.76553367
277.0804265,35.71926787
277.080022,35.72981965
277.0796185,35.68310628
277.0792167,35.69472861
277.0788158,35.64042202
277.0784164,35.65473508
277.0780177,35.59982873
277.0776211,35.61956697
277.0772248,35.54847295
277.076831,35.57826026
277.076437,35.49636765
277.0760467,35.54467018
277.0756552,35.42036427
277.0752693,35.50268161
277.0748804,35.32708476
277.074501,35.4714094
277.0741152,35.17531771
277.0738154,35.14766774
277.0733849,35.31592037
277.0730016,35.0101963
277.0726118,35.26647597
277.0720073,34.60678917
277.0716422,34.90918012
277.0712642,34.33914198
277.0709801,34.6193283
277.070602,34.30932299
277.0703185,34.59646652
277.0700364,34.28193601
277.0697486,34.19788536
277.069328,34.41446229
277.069048,34.10091588
277.0687692,34.38272987
277.0684915,34.07099658
277.0682147,34.35388827
277.067939,34.04563993
277.0676644,34.32468067
277.067391,34.02026019
277.0671184,34.29565998
277.0668469,33.9952835
277.0665764,34.26695276
277.0663068,33.97065761
277.0660382,34.23864188
277.0657704,33.94638263
277.0655036,34.21076622
277.0652379,33.92245427
277.0649731,34.18334105
277.0647093,33.89886871
277.0644462,34.15636887
277.0641841,33.87562212
277.0638224,34.6211131
277.063233,33.21512899
277.0629718,33.47436887
277.0626162,33.37607035
277.0623552,33.63579884
277.0620955,33.35211656
277.0617396,34.11425989
277.0612576,34.42050434
277.0608775,34.43017244
277.0604984,34.39049254
