24603.23732,286.5932454
24527.0664,253.9925205
24463.17381,213.9947424
24406.48594,165.1924184
24335.01258,91.89714009
24322.74321,80.0621296
24313.73688,72.87161509
24305.61445,64.52992707
24296.92337,54.51759748
24290.78252,50.32759027
24286.06649,47.05410137
24282.33153,43.24081883
24279.00171,41.396387
24274.9393,38.58145038
24271.37357,35.7782953
24269.0331,33.69207755
24267.04331,31.32339159
24265.18982,30.03862404
24262.90603,28.13920062
24260.80003,27.29406198
24259.39372,25.94257777
24258.26942,24.34219362
24257.07977,23.58462726
24255.53014,21.98359517
24254.13796,21.20492638
24253.2088,20.4611125
24252.50275,19.36252971
24251.6622,18.97985826
24250.61518,18.14918623
24249.61152,17.67828331
24248.94798,17.12020262
24248.47313,16.27880253
24247.82693,16.02815888
24247.0291,15.22050215
24246.28024,14.95283162
24245.78429,14.63611139
24245.43927,13.98285307
24244.92476,13.87881604
24244.31085,13.33228519
24243.7249,13.13989919
24243.33538,12.89625149
24243.07399,12.353993
24242.64563,12.29536167
24242.14828,11.76479076
24241.67934,11.64605095
24241.36426,11.52127046
24241.15428,11.05770228
24240.79283,11.07097299
24240.38692,10.66704925
24240.00091,10.57371955
24239.73834,10.47612069
24239.56519,10.06761144
24239.25225,10.09833483
24238.91087,9.700431662
24238.58841,9.6388314
24238.36548,9.605968547
24238.21686,9.23415042
24237.94448,9.305073306
24237.65623,8.979680015
24237.38212,8.926738165
24237.18943,8.902409013
24237.06002,8.560894186
24236.8191,8.637926321
24236.57097,8.315771871
24236.33562,8.277611791
24236.16715,8.290768986
24236.05166,7.968543556
24235.83817,8.069145236
24235.62421,7.793798572
24235.41989,7.758256621
24235.271,7.772092345
24235.16731,7.468640426
24234.97616,7.570078416
24234.7892,7.297693498
24234.61057,7.269275073
24234.47811,7.305784384
24234.38367,7.014344718
24234.21246,7.129618997
24234.04905,6.890127849
24233.89179,6.862054625
24233.77314,6.896033321
24233.68704,6.617942392
24233.53265,6.731436882
24233.38843,6.495287811
24233.24928,6.470599951
24233.14264,6.518757836
24233.06347,6.249723947
24232.9243,6.371028809
24232.79709,6.159447292
24232.67341,6.134278083
24232.57714,6.178760464
24232.50445,5.920494437
24232.37842,6.038697416
24232.26539,5.830873505
24232.15506,5.807203406
24232.06801,5.86077139
24232.00092,5.610407206
24231.88687,5.732569651
24231.78654,5.543934645
24231.68784,5.519556882
24231.60887,5.569202888
24231.54712,5.328319195
24231.44359,5.446729311
24231.35402,5.262129081
24231.26547,5.238313084
24231.19381,5.293862821
24231.13677,5.060419402
24231.04285,5.180284162
24230.96298,5.011182022
24230.88341,4.986690881
24230.81821,5.038437636
24230.76567,4.813749134
24230.6803,4.929576522
24230.60875,4.764628593
24230.53708,4.740269455
24230.47779,4.795856314
24230.42927,4.578368843
24230.35171,4.694011456
24230.2877,4.541900484
24230.22308,4.517006564
24230.16904,4.569037277
24230.12437,4.35980444
24230.05381,4.471331722
24229.99632,4.323363877
24229.93796,4.298446155
24229.88875,4.35293362
24229.84753,4.15069727
24229.78337,4.260973005
24229.73179,4.12384218
24229.67905,4.098566703
24229.63415,4.149772329
24229.59624,3.955367708
24229.53783,4.061571635
24229.49142,3.928478056
24229.44369,3.903167256
24229.40277,3.955876409
24229.36782,3.768234325
24229.31467,3.872507031
24229.27296,3.748694296
24229.22974,3.723204947
24229.19238,3.772895744
24229.16026,3.592680161
24229.11187,3.692997497
24229.07428,3.573053158
24229.0351,3.547587653
24229.00104,3.598110959
24228.97146,3.424381626
24228.92741,3.522353577
24228.89356,3.410443881
24228.85805,3.384964807
24228.82693,3.43271089
24228.79977,3.266000749
24228.75965,3.360177689
24228.72911,3.251929466
24228.69689,3.226562253
24228.6685,3.274661426
24228.64351,3.114125114
24228.60698,3.205726131
24228.57945,3.10449101
24228.5502,3.079253894
24228.52427,3.124793718
24228.50134,2.970864492
24228.46807,3.058856596
24228.4432,2.961056164
24228.41664,2.936024445
24228.39297,2.98157205
24228.3719,2.833479744
24228.3416,2.918792658
24228.31915,2.827152208
24228.29502,2.802370772
24228.2734,2.845556256
24228.25408,2.703657845
24228.22648,2.785561784
24228.20618,2.697122109
24228.18425,2.672632733
24228.16452,2.715577051
24228.14678,2.579165764
24228.12163,2.658375106
24228.1033,2.575372423
24228.08337,2.551230455
24228.06534,2.591992469
24228.04908,2.461366186
24228.02618,2.537372297
24228.00958,2.45733791
24227.99146,2.433561869
24227.975,2.473904511
24227.96008,2.348412379
24227.93921,2.42176845
24227.92421,2.34655129
24227.90773,2.32319844
24227.89269,2.361524009
24227.87903,2.241417386
24227.86002,2.311776246
24227.84643,2.239301858
24227.83144,2.216373872
24227.81772,2.254154678
24227.80518,2.138833484
24227.78786,2.206626935
24227.77557,2.138433733
24227.76193,2.115985684
24227.74939,2.151902235
24227.73791,2.041580565
24227.72214,2.106579278
24227.711,2.040913652
24227.69859,2.018934476
24227.68714,2.054220792
24227.67662,1.94834545
24227.66224,2.010889213
24227.65216,1.949037891
24227.64086,1.927578858
24227.6304,1.961142899
24227.62078,1.85989761
24227.60768,1.919842934
24227.59854,1.860316205
24227.58825,1.839356267
24227.57871,1.872235021
24227.56989,1.77511025
24227.55796,1.832726707
24227.54967,1.776605382
24227.54031,1.756191705
24227.53159,1.787480446
24227.52352,1.694634773
24227.51265,1.749841154
24227.50514,1.695854533
24227.49661,1.675958068
24227.48865,1.70652974
24227.48126,1.617494424
24227.47135,1.67050634
24227.46454,1.619565421
24227.45678,1.600229544
24227.44951,1.629334554
24227.44275,1.544247055
24227.43373,1.595028204
24227.42755,1.546045403
24227.42047,1.5272346
24227.41383,1.555608568
24227.40765,1.47403828
24227.39942,1.522762502
24227.39382,1.476507836
24227.38738,1.458262242
24227.38131,1.485284584
24227.37566,1.407351022
24227.36817,1.454014075
24227.36308,1.409554028
24227.35721,1.39183294
24227.35168,1.418123842
24227.3465,1.343431996
24227.33967,1.388175146
24227.33506,1.346162035
24227.32971,1.329002916
24227.32466,1.354049396
24227.31993,1.282703383
24227.3137,1.325544949
24227.30951,1.28517556
24227.30464,1.268533634
24227.30003,1.29285854
24227.2957,1.224496514
24227.29003,1.265552162
24227.28623,1.227380089
24227.28179,1.211290642
24227.27757,1.234470906
24227.27362,1.169183672
24227.26845,1.20848726
24227.265,1.17181997
24227.26095,1.156235154
24227.25711,1.178711364
24227.25349,1.116167893
24227.24878,1.153814816
24227.24564,1.11912278
24227.24196,1.104076087
24227.23845,1.125500388
24227.23515,1.065779911
24227.23085,1.10181437
24227.228,1.068499418
24227.22464,1.053940834
24227.22143,1.074684192
24227.21842,1.017484247
24227.2145,1.051985463
24227.21191,1.020447848
24227.20885,1.006409346
24227.20592,1.026186841
24227.20317,0.971576548
24227.1996,1.004595243
24227.19725,0.9743174988
24227.19446,0.9607477094
24227.19179,0.9798713286
24227.18927,0.9275746428
24227.18602,0.9591770298
24227.18388,0.9304999385
24227.18133,0.9174294963
24227.17889,0.9356669598
24227.17659,0.8857441484
24227.17363,0.9159846631
24227.17169,0.8884599573
24227.16937,0.8758368622
24227.16714,0.8934501793
24227.16504,0.8456495651
24227.16234,0.8745838839
24227.16057,0.8485018675
24227.15846,0.8363555162
24227.15643,0.8531564
24227.15451,0.80753048
24227.15204,0.8352147062
24227.15044,0.8101865848
24227.14851,0.7984649811
24227.14666,0.8146730856
24227.1449,0.7709926148
24227.14266,0.7974738248
24227.1412,0.7737469807
24227.13944,0.7624783307
24227.13775,0.7779420856
24227.13615,0.7362527336
24227.1341,0.7615872214
24227.13277,0.7388240737
24227.13117,0.7279569298
24227.12962,0.7428601067
24227.12816,0.7029532371
24227.1263,0.727181011
24227.12509,0.7055923928
24227.12363,0.6951537812
24227.12222,0.7093753971
24227.12088,0.6712906775
24227.11918,0.6944671711
24227.11808,0.6737596789
24227.11675,0.6636991586
24227.11547,0.6773926043
24227.11425,0.6409402976
24227.1127,0.6630996706
24227.1117,0.643452978
24227.11048,0.633796385
24227.10931,0.6468661009
24227.1082,0.6120805983
24227.10678,0.6332766906
24227.10587,0.6144355602
24227.10477,0.6051338358
24227.10369,0.617707511
24227.10268,0.5844163792
24227.10139,0.6046784803
24227.10056,0.5867959971
24227.09955,0.5778737667
24227.09857,0.5898769152
24227.09765,0.5581099083
24227.09647,0.5774897692
24227.09572,0.5603437128
24227.0948,0.5517535994
24227.09391,0.5632921892
24227.09306,0.5328926939
24227.09199,0.5514155243
24227.0913,0.5351362749
24227.09047,0.5269016722
24227.08965,0.537918629
24227.08888,0.5089123272
24227.0879,0.5266274706
24227.08728,0.5110214057
24227.08651,0.5030968473
24227.08577,0.5136798047
24227.08506,0.4859245274
24227.08417,0.5028537573
24227.08361,0.4880318585
24227.08291,0.4804394898
24227.08223,0.4905457047
24227.08158,0.4640635614
24227.08077,0.4802536269
24227.08026,0.4660470684
24227.07962,0.4587435009
24227.079,0.4684451526
24227.07841,0.4431071473
24227.07767,0.4585769126
24227.0772,0.4450800969
24227.07662,0.4380862187
24227.07606,0.4473523078
24227.07552,0.4231774192
24227.07485,0.4379709491
24227.07442,0.4250365728
24227.07389,0.4183111856
24227.07338,0.4272008858
24227.07288,0.4040721189
24227.07227,0.418205803
24227.07188,0.4059140957
24227.0714,0.3994768314
24227.07093,0.4079687162
24227.07048,0.3859023101
24227.06992,0.3994175095
24227.06957,0.3876398656
24227.06913,0.3814517811
24227.0687,0.3895940986
24227.06829,0.3684839812
24227.06778,0.3813949724
24227.06745,0.3701995047
24227.06705,0.3642789872
24227.06666,0.372058066
24227.06629,0.3519180828
24227.06582,0.364263555
24227.06553,0.3535379151
24227.06516,0.3478483022
24227.0648,0.3553032308
24227.06446,0.3360372431
24227.06404,0.3478296607
24227.06377,0.3376316038
24227.06344,0.3321900586
24227.06311,0.3393134022
24227.0628,0.3209331676
24227.06241,0.3322086159
24227.06217,0.3224399397
24227.06187,0.3172120731
24227.06157,0.3240352579
24227.06129,0.3064536645
24227.06093,0.3172230496
24227.06071,0.3079326567
24227.06043,0.3029344377
24227.06016,0.3094549991
24227.0599,0.292681987
24227.05958,0.3029788831
24227.05938,0.2940808896
24227.05913,0.2892801677
24227.05888,0.2955231386
24227.05864,0.2794797935
24227.05835,0.2893137618
24227.05816,0.2808495064
24227.05793,0.2762610946
24227.05771,0.282227928
24227.05749,0.2669226106
24227.05722,0.2763248239
24227.05706,0.2682191568
24227.05685,0.263813087
24227.05664,0.2695234962
24227.05644,0.2548847323
24227.0562,0.2638635884
24227.05605,0.2561513885
24227.05585,0.2519413618
24227.05566,0.2573998449
24227.05549,0.2434346259
24227.05526,0.2520190158
24227.05512,0.2446344927
24227.05495,0.2405926508
24227.05478,0.2458145089
24227.05461,0.2324581103
24227.05441,0.2406554226
24227.05428,0.2336279414
24227.05412,0.2297669229
24227.05397,0.2347589785
24227.05382,0.222017207
24227.05363,0.2298541761
24227.05352,0.2231261122
24227.05337,0.2194200836
24227.05323,0.2241939918
24227.05309,0.2120082427
24227.05292,0.2194913801
24227.05282,0.2130873956
24227.05269,0.2095479856
24227.05255,0.2141123006
24227.05243,0.2024873587
24227.05228,0.2096413694
24227.05218,0.2035109682
24227.05206,0.2001142744
24227.05194,0.2044776504
24227.05183,0.193360458
24227.05169,0.2001910895
24227.0516,0.1943549254
24227.05149,0.1911116221
24227.05138,0.1952838598
24227.05128,0.1846783223
24227.05115,0.1912083764
24227.05107,0.1856221796
24227.05097,0.182510196
24227.05087,0.1864974916
24227.05077,0.1763555773
24227.05066,0.1825901352
24227.05059,0.1772711469
24227.05049,0.1743002593
24227.0504,0.178113265
24227.05032,0.1684381247
24227.05021,0.1743982088
24227.05014,0.1693076005
24227.05006,0.1664574669
24227.04998,0.170100377
24227.0499,0.1608485315
24227.0498,0.1665386407
24227.04974,0.1616907509
24227.04967,0.1589703069
24227.04959,0.162454305
24227.04952,0.1536282599
24227.04943,0.1590677574
24227.04938,0.1544285154
24227.04931,0.1518190436
24227.04924,0.1551467043
24227.04917,0.1467071031
24227.04909,0.1518999783
24227.04904,0.147481257
24227.04898,0.1449909087
24227.04891,0.1481736905
24227.04885,0.1401224889
24227.04878,0.1450865612
24227.04874,0.1408584518
24227.04868,0.1384700309
24227.04862,0.1415092081
24227.04857,0.1338107821
24227.0485,0.1385495943
24227.04846,0.1345218783
24227.0484,0.1322428075
24227.04835,0.1351499091
24227.0483,0.1278057477
24227.04824,0.1323356855
24227.0482,0.1284820968
24227.04815,0.1262965994
24227.04811,0.129071866
24227.04806,0.1220497241
24227.04801,0.1263739382
24227.04797,0.1227024874
24227.04793,0.1206173112
24227.04788,0.1232721817
24227.04784,0.1165731538
24227.04779,0.1207067009
24227.04776,0.1171943113
24227.04772,0.1151950002
24227.04768,0.1177289029
24227.04764,0.1113238021
24227.0476,0.1152694884
24227.04757,0.1119226737
24227.04753,0.1100153525
24227.04749,0.1124395119
24227.04746,0.106329101
24227.04742,0.1101007528
24227.04739,0.1068992299
24227.04736,0.1050706681
24227.04733,0.1073838837
24227.04729,0.1015417434
24227.04726,0.1051418638
24227.04723,0.1020908842
24227.0472,0.1003466327
24227.04717,0.1025598201
24227.04714,0.09698643591
24227.04711,0.1004277134
24227.04709,0.09750944248
24227.04706,0.09583740479
24227.04703,0.09794888661
24227.047,0.09262034363
24227.04697,0.09590501459
24227.04695,0.09312364121
24227.04693,0.09152884186
24227.0469,0.09354915437
24227.04688,0.08846570772
24227.04685,0.09160540991
24227.04683,0.08894524635
24227.04681,0.08775418243
24227.04678,0.08929311506
24227.04676,0.08442800842
24227.04674,0.0874275198
24227.04672,0.0844232208
24227.0467,0.08369031875
24227.04668,0.08522776251
24227.04666,0.08059611834
24227.04663,0.08347628092
24227.04662,0.08065846335
24227.0466,0.07986235441
24227.04658,0.08136557528
24227.04656,0.07693614045
24227.04654,0.08001268344
24227.04653,0.07729210877
24227.04651,0.07651172962
24227.04649,0.07815379214
24227.04647,0.07369572761
24227.04645,0.07644447331
24227.04644,0.07387198797
24227.04643,0.0730323832
24227.04641,0.07419232931
24227.04639,0.07027203849
24227.04638,0.07287817594
24227.04637,0.07047654611
24227.04635,0.06965389496
24227.04634,0.07078577515
24227.04632,0.06704718844
24227.04631,0.06953007212
24227.0463,0.06730394222
24227.04628,0.06660357199
24227.04627,0.0676987513
24227.04626,0.06414928984
24227.04624,0.06647099559
24227.04623,0.06422849942
24227.04622,0.06354531056
24227.04621,0.06460003532
24227.0462,0.06121142597
24227.04618,0.06342167528
24227.04617,0.0613017969
24227.04616,0.06064340138
24227.04615,0.0616556954
24227.04614,0.05842273794
24227.04613,0.06052756726
24227.04612,0.05851310881
24227.04611,0.0578815866
24227.0461,0.05885120524
24227.04609,0.05576697772
24227.04608,0.05777326823
24227.04607,0.05585560168
24227.04606,0.05525141679
24227.04605,0.05617894326
24227.04604,0.05323666326
24227.04603,0.05515004312
24227.04603,0.05332259355
24227.04602,0.05274543024
24227.04601,0.053631896
24227.046,0.05082500592
24227.04599,0.05265036812
24227.04599,0.05090771636
24227.04598,0.05035683746
24227.04597,0.05120352379
24227.04596,0.04852573363
24227.04596,0.05026747097
24227.04595,0.04860495255
24227.04594,0.0480794034
24227.04594,0.04888772668
24227.04593,0.04633302675
24227.04592,0.04799516747
24227.04592,0.04640864103
24227.04591,0.04590736732
24227.0459,0.04667880903
24227.0459,0.04424146871
24227.04589,0.04582775966
24227.04589,0.04431346581
24227.04588,0.04383538157
24227.04587,0.04457144419
24227.04587,0.04224600402
24227.04586,0.04375996362
24227.04586,0.04231443579
24227.04585,0.04185846197
24227.04585,0.0425606409
24227.04584,0.04034190155
24227.04584,0.04178685472
24227.04583,0.04040686101
24227.04583,0.03997194678
24227.04582,0.04064171227
24227.04582,0.03852472248
24227.04581,0.03990382425
24227.04581,0.03858632852
24227.0458,0.03817146237
24227.0458,0.03881024805
24227.0458,0.03679029241
24227.04579,0.03810654454
24227.04579,0.03684867945
24227.04578,0.03645289434
24227.04578,0.03706208998
24227.04578,0.03513467713
24227.04577,0.03639094023
24227.04577,0.03518998806
24227.04576,0.03481236308
24227.04576,0.03539331035
24227.04576,0.03355416162
24227.04575,0.03475316456
24227.04575,0.03360654295
24227.04575,0.03324620311
24227.04574,0.03380019318
24227.04574,0.03204523194
24227.04574,0.03318957935
24227.04573,0.0320948304
24227.04573,0.03175094527
24227.04573,0.03227921789
24227.04573,0.03060455944
24227.04572,0.03169673811
24227.04572,0.0306515196
24227.04572,0.03032330148
24227.04571,0.03082704488
24227.04571,0.02922898699
24227.04571,0.03027137153
24227.04571,0.0292734497
24227.0457,0.02896015149
24227.0457,0.02944050299
24227.0457,0.02791551691
24227.0457,0.02891037486
24227.04569,0.02795761817
24227.04569,0.02765853127
24227.04569,0.0281165783
24227.04569,0.02666130031
24227.04568,0.02761079688
24227.04568,0.02670117063
24227.04568,0.02641562272
24227.04568,0.02685240417
24227.04568,0.02546362759
24227.04567,0.02636983018
24227.04567,0.02550139155
24227.04567,0.02522874462
24227.04567,0.02564525232
24227.04567,0.02431991997
24227.04567,0.02518480241
24227.04566,0.02435569601
24227.04566,0.02409534436
24227.04566,0.02449252479
24227.04566,0.02322772177
24227.04566,0.02405316845
24227.04566,0.02326162217
24227.04565,0.02301299063
24227.04565,0.02339174658
24227.04565,0.02218469352
24227.04565,0.02297250326
24227.04565,0.02221682445
24227.04565,0.02197936658
24227.04564,0.0223567298
24227.04564,0.02121857306
24227.04564,0.0219695747
24227.04564,0.02124915039
24227.04564,0.0210209152
24227.04564,0.0213331881
24227.04564,0.02023529927
24227.04564,0.02097847808
24227.04563,0.02030540085
24227.04563,0.02011410569
24227.04563,0.02045534161
24227.04563,0.01940614988
24227.04563,0.02005872904
24227.04563,0.01938579714
24227.04563,0.01916869695
24227.04563,0.01946373307
24227.04563,0.0184753855
24227.04562,0.0191494713
24227.04562,0.01853981892
24227.04562,0.01837901403
24227.04562,0.01866488968
24227.04562,0.01772080562
24227.04562,0.01833757641
24227.04562,0.01773056893
24227.04562,0.01756268487
24227.04562,0.01782573117
24227.04562,0.01691412459
24227.04561,0.01749424862
24227.04561,0.01749424862
24227.04561,0.01749424862
24227.04561,0.01749424862
24227.04561,0.01749424862
24227.04561,0.01749424862
24227.04561,0.01749424862
24227.04561,0.01749424862
24227.04561,0.01749424862
24227.04561,0.01749424862
24227.04561,0.01749424862
24227.04561,0.01749424862
24227.04561,0.01749424862
24227.04561,0.01749424862
24227.04561,0.01749424862
24227.04561,0.01749424862
24227.04561,0.01749424862
24227.04561,0.01749424862
24227.04561,0.01749424862
24227.04561,0.01749424862
24227.04561,0.01749424862
24227.04561,0.01749424862
24227.04561,0.01749424862
24227.04561,0.01749424862
24227.04561,0.01749424862
24227.04561,0.01749424862
24227.04561,0.01749424862
24227.04561,0.01749424862
24227.04561,0.01749424862
24227.04561,0.01749424862
24227.04561,0.01749424862
24227.04561,0.01749424862
24227.04561,0.01749424862
24227.04561,0.01749424862
24227.04561,0.01749424862
24227.04561,0.01749424862
24227.04561,0.01749424862
24227.04561,0.01749424862
24227.04561,0.01749424862
24227.04561,0.01749424862
24227.04561,0.01749424862
24227.04561,0.01749424862
24227.04561,0.01749424862
24227.04561,0.01749424862
24227.04561,0.01749424862
24227.04561,0.01749424862
24227.04561,0.01749424862
24227.04561,0.01749424862
24227.04561,0.01749424862
24227.04561,0.01749424862
24227.04561,0.01749424862
24227.04561,0.01749424862
24227.04561,0.01749424862
24227.04561,0.01749424862
24227.04561,0.01749424862
24227.04561,0.01749424862
24227.04561,0.01749424862
24227.04561,0.01749424862
24227.04561,0.01749424862
24227.04561,0.01749424862
24227.04561,0.01749424862
24227.04561,0.01749424862
24227.04561,0.01749424862
24227.04561,0.01749424862
24227.04561,0.01749424862
24227.04561,0.01749424862
24227.04561,0.01749424862
24227.04561,0.01749424862
24227.04561,0.01749424862
24227.04561,0.01749424862
24227.04561,0.01749424862
24227.04561,0.01749424862
24227.04561,0.01749424862
24227.04561,0.01749424862
24227.04561,0.01749424862
24227.04561,0.01749424862
24227.04561,0.01749424862
24227.04561,0.01749424862
24227.04561,0.01749424862
24227.04561,0.01749424862
24227.04561,0.01749424862
24227.04561,0.01749424862
24227.04561,0.01749424862
24227.04561,0.01749424862
24227.04561,0.01749424862
24227.04561,0.01749424862
24227.04561,0.01749424862
24227.04561,0.01749424862
24227.04561,0.01749424862
24227.04561,0.01749424862
24227.04561,0.01749424862
24227.04561,0.01749424862
24227.04561,0.01749424862
24227.04561,0.01749424862
24227.04561,0.01749424862
24227.04561,0.01749424862
24227.04561,0.01749424862
24227.04561,0.01749424862
24227.04561,0.01749424862
24227.04561,0.01749424862
24227.04561,0.01749424862
24227.04561,0.01749424862
24227.04561,0.01749424862
24227.04561,0.01749424862
24227.04561,0.01749424862
24227.04561,0.01749424862
24227.04561,0.01749424862
24227.04561,0.01749424862
24227.04561,0.01749424862
24227.04561,0.01749424862
24227.04561,0.01749424862
24227.04561,0.01749424862
24227.04561,0.01749424862
24227.04561,0.01749424862
24227.04561,0.01749424862
24227.04561,0.01749424862
24227.04561,0.01749424862
24227.04561,0.01749424862
24227.04561,0.01749424862
24227.04561,0.01749424862
24227.04561,0.01749424862
24227.04561,0.01749424862
24227.04561,0.01749424862
24227.04561,0.01749424862
24227.04561,0.01749424862
24227.04561,0.01749424862
24227.04561,0.01749424862
24227.04561,0.01749424862
24227.04561,0.01749424862
24227.04561,0.01749424862
24227.04561,0.01749424862
24227.04561,0.01749424862
24227.04561,0.01749424862
24227.04561,0.01749424862
24227.04561,0.01749424862
24227.04561,0.01749424862
24227.04561,0.01749424862
24227.04561,0.01749424862
24227.04561,0.01749424862
24227.04561,0.01749424862
24227.04561,0.01749424862
24227.04561,0.01749424862
24227.04561,0.01749424862
24227.04561,0.01749424862
24227.04561,0.01749424862
24227.04561,0.01749424862
24227.04561,0.01749424862
24227.04561,0.01749424862
24227.04561,0.01749424862
24227.04561,0.01749424862
24227.04561,0.01749424862
24227.04561,0.01749424862
24227.04561,0.01749424862
24227.04561,0.01749424862
24227.04561,0.01749424862
24227.04561,0.01749424862
24227.04561,0.01749424862
24227.04561,0.01749424862
24227.04561,0.01749424862
24227.04561,0.01749424862
24227.04561,0.01749424862
24227.04561,0.01749424862
24227.04561,0.01749424862
24227.04561,0.01749424862
24227.04561,0.01749424862
24227.04561,0.01749424862
24227.04561,0.01749424862
24227.04561,0.01749424862
24227.04561,0.01749424862
24227.04561,0.01749424862
24227.04561,0.01749424862
24227.04561,0.01749424862
24227.04561,0.01749424862
24227.04561,0.01749424862
24227.04561,0.01749424862
24227.04561,0.01749424862
24227.04561,0.01749424862
24227.04561,0.01749424862
24227.04561,0.01749424862
24227.04561,0.01749424862
24227.04561,0.01749424862
24227.04561,0.01749424862
24227.04561,0.01749424862
24227.04561,0.01749424862
24227.04561,0.01749424862
24227.04561,0.01749424862
24227.04561,0.01749424862
24227.04561,0.01749424862
24227.04561,0.01749424862
24227.04561,0.01749424862
24227.04561,0.01749424862
24227.04561,0.01749424862
24227.04561,0.01749424862
24227.04561,0.01749424862
24227.04561,0.01749424862
24227.04561,0.01749424862
24227.04561,0.01749424862
24227.04561,0.01749424862
24227.04561,0.01749424862
24227.04561,0.01749424862
24227.04561,0.01749424862
24227.04561,0.01749424862
24227.04561,0.01749424862
24227.04561,0.01749424862
24227.04561,0.01749424862
24227.04561,0.01749424862
24227.04561,0.01749424862
24227.04561,0.01749424862
24227.04561,0.01749424862
24227.04561,0.01749424862
24227.04561,0.01749424862
24227.04561,0.01749424862
24227.04561,0.01749424862
24227.04561,0.01749424862
24227.04561,0.01749424862
24227.04561,0.01749424862
24227.04561,0.01749424862
24227.04561,0.01749424862
24227.04561,0.01749424862
24227.04561,0.01749424862
24227.04561,0.01749424862
24227.04561,0.01749424862
24227.04561,0.01749424862
24227.04561,0.01749424862
24227.04561,0.01749424862
24227.04561,0.01749424862
24227.04561,0.01749424862
24227.04561,0.01749424862
24227.04561,0.01749424862
24227.04561,0.01749424862
24227.04561,0.01749424862
24227.04561,0.01749424862
24227.04561,0.01749424862
24227.04561,0.01749424862
24227.04561,0.01749424862
24227.04561,0.01749424862
24227.04561,0.01749424862
24227.04561,0.01749424862
24227.04561,0.01749424862
24227.04561,0.01749424862
24227.04561,0.01749424862
24227.04561,0.01749424862
24227.04561,0.01749424862
24227.04561,0.01749424862
24227.04561,0.01749424862
24227.04561,0.01749424862
24227.04561,0.01749424862
24227.04561,0.01749424862
24227.04561,0.01749424862
24227.04561,0.01749424862
24227.04561,0.01749424862
24227.04561,0.01749424862
24227.04561,0.01749424862
24227.04561,0.01749424862
24227.04561,0.01749424862
24227.04561,0.01749424862
24227.04561,0.01749424862
24227.04561,0.01749424862
24227.04561,0.01749424862
24227.04561,0.01749424862
24227.04561,0.01749424862
24227.04561,0.01749424862
24227.04561,0.01749424862
24227.04561,0.01749424862
24227.04561,0.01749424862
24227.04561,0.01749424862
24227.04561,0.01749424862
24227.04561,0.01749424862
24227.04561,0.01749424862
24227.04561,0.01749424862
24227.04561,0.01749424862
24227.04561,0.01749424862
24227.04561,0.01749424862
24227.04561,0.01749424862
24227.04561,0.01749424862
24227.04561,0.01749424862
24227.04561,0.01749424862
24227.04561,0.01749424862
