86410.18487,2368.704847
85822.90651,1759.503429
85330.55316,1097.126892
84897.21466,639.1268115
84465.25768,414.1778168
84445.01969,218.1672667
84415.39855,150.2128199
84396.64611,110.9443659
84378.24787,121.9845927
84372.80527,81.29205492
84363.43154,60.65183167
84358.47625,46.64154536
84354.86061,43.39695974
84350.85158,57.54280028
84348.10142,34.60359491
84345.71852,31.29746671
84343.02694,29.52720594
84341.08792,33.35885864
84339.75991,25.687985
84337.75071,23.8742744
84336.36311,22.77280756
84334.9313,22.16460753
84333.70206,22.89677602
84332.74939,19.38093044
84331.61295,18.7253546
84330.7059,17.85166878
84329.83168,17.46042374
84329.01171,17.68329693
84328.38196,15.44538552
84327.65852,14.99537355
84327.05848,14.42373536
84326.59629,15.3429819
84326.32029,13.40540846
84325.7141,13.26702688
84325.23924,12.86043784
84324.82859,12.34985568
84324.42088,13.04392289
84324.06728,10.88239265
84323.70222,10.94459203
84323.3807,10.72463277
84323.10029,10.30756571
84322.80761,10.85377543
84322.56011,8.991851606
84322.31863,9.111303548
84322.09828,8.987223976
84321.90215,8.620666964
84321.69481,9.078838301
84321.51983,7.519988318
84321.35595,7.605008354
84321.20322,7.556779128
84321.06573,7.238015763
84320.9183,7.647466499
84320.79387,6.303119559
84320.68096,6.406640597
84320.57405,6.389255742
84320.47684,6.068733882
84320.37185,6.43405901
84320.28314,5.265578939
84320.20449,5.360013062
84320.12931,5.394729528
84320.06041,5.125690737
84319.98567,5.455013849
84319.9223,4.449410481
84319.86706,4.536424223
84319.81372,4.594009253
84319.76454,4.321788926
84319.71115,4.612028376
84319.66578,3.744282265
84319.62676,3.8176646
84319.58875,3.899784244
84319.55359,3.665718476
84319.51551,3.921293561
84319.48304,3.185276104
84319.45526,3.234358607
84319.42818,3.312228427
84319.4029,3.096517798
84319.37555,3.319677805
84319.35216,2.68073717
84319.33236,2.736974401
84319.31296,2.825846633
84319.29477,2.629368112
84319.27512,2.823086048
84319.25828,2.274541997
84319.24411,2.327225012
84319.23011,2.412612875
84319.21694,2.232130278
84319.20283,2.401008362
84319.19069,1.931559282
84319.1805,1.972128631
84319.17039,2.060680241
84319.16084,1.897180114
84319.15071,2.044865372
84319.14196,1.64616099
84319.1346,1.674930444
84319.12732,1.764182456
84319.12039,1.611167001
84319.11305,1.737627632
84319.1067,1.392980016
84319.1014,1.425301918
84319.09611,1.506554766
84319.09105,1.369539697
84319.08576,1.47688404
84319.08115,1.185252868
84319.07731,1.21131074
84319.07346,1.292467607
84319.06978,1.171723199
84319.06595,1.26124894
84319.06261,1.017227901
84319.05982,1.037442802
84319.05702,1.108833006
84319.05432,0.9985730633
84319.05154,1.075130792
84319.04911,0.8669663531
84319.04708,0.8822994857
84319.04504,0.9510225178
84319.04306,0.8501985535
84319.04104,0.9157422118
84319.03927,0.7360985162
84319.03779,0.7513235699
84319.0363,0.8163506654
84319.03485,0.7304939805
84319.03338,0.7870905366
84319.03209,0.6351381182
84319.03101,0.6469179599
84319.02992,0.7049258706
84319.02885,0.6221722431
84319.02778,0.6707739016
84319.02683,0.5393306531
84319.02604,0.5502303337
84319.02524,0.60416653
84319.02446,0.5323193838
84319.02367,0.5744037031
84319.02298,0.4615097344
84319.0224,0.4698509111
84319.02181,0.519670926
84319.02124,0.4552621705
84319.02066,0.4916603055
84319.02015,0.3946320348
84319.01973,0.4021652913
84319.0193,0.4474225083
84319.01887,0.3907096192
84319.01845,0.4221743009
84319.01808,0.3388992681
84319.01777,0.3448755545
84319.01745,0.3854863988
84319.01713,0.3351176847
84319.01683,0.3623418472
84319.01655,0.2907976687
84319.01632,0.2960869066
84319.01609,0.3321938828
84319.01585,0.2876114568
84319.01563,0.3112172647
84319.01542,0.2496484067
84319.01525,0.2538661117
84319.01508,0.2866097423
84319.01491,0.2471528974
84319.01474,0.2675926319
84319.01459,0.2146431721
84319.01447,0.2183907302
84319.01434,0.2473449849
84319.01421,0.2125234425
84319.01409,0.2302575531
84319.01398,0.1847187225
84319.01389,0.1876768668
84319.01379,0.2134971326
84319.0137,0.1827679338
84319.01361,0.1981278655
84319.01352,0.1586586698
84319.01346,0.1612907454
84319.01339,0.1841273902
84319.01331,0.1568435518
84319.01325,0.1707753616
84319.01319,0.1365385063
84319.01314,0.1385908195
84319.01308,0.1592227669
84319.01303,0.1352073015
84319.01298,0.1471866311
84319.01294,0.1173814625
84319.0129,0.1190968446
84319.01286,0.1373250855
84319.01282,0.1162206278
84319.01279,0.1266383767
84319.01275,0.100908421
84319.01272,0.1025701833
84319.0127,0.1187451629
84319.01267,0.1001557829
84319.01264,0.1089341273
84319.01261,0.08653895811
84319.01259,0.08775398442
84319.01257,0.1021173273
84319.01255,0.08524310492
84319.01253,0.09405792005
84319.01251,0.07445064112
84319.0125,0.07542296446
84319.01248,0.08825785933
84319.01246,0.07350201609
84319.01245,0.08114019786
84319.01244,0.06428484391
84319.01242,0.06508055558
84319.01241,0.07632514274
84319.0124,0.0633765582
84319.01239,0.07004050359
84319.01238,0.05536824736
84319.01237,0.05595113559
84319.01236,0.06590111984
84319.01235,0.05449529289
84319.01234,0.06046381506
84319.01234,0.04779427183
84319.01233,0.04829328438
84319.01232,0.05703287303
84319.01232,0.04704658204
84319.01231,0.05232733533
84319.01231,0.04127989431
84319.0123,0.04169022543
84319.0123,0.04936456276
84319.01229,0.04064084271
84319.01229,0.04528526299
84319.01228,0.0356730404
84319.01228,0.03601318053
84319.01227,0.04275217815
84319.01227,0.03510357573
84319.01227,0.03917944492
84319.01226,0.03079124293
84319.01226,0.03106578805
84319.01226,0.0370172682
84319.01226,0.03031764435
84319.01225,0.03385484369
84319.01225,0.02657692794
84319.01225,0.0267885721
84319.01225,0.03200144481
84319.01224,0.02615582013
84319.01224,0.02932569929
84319.01224,0.02298537293
84319.01224,0.02315974516
84319.01224,0.02772143862
84319.01224,0.02262210335
84319.01224,0.02539184483
84319.01223,0.01988447984
84319.01223,0.02002896732
84319.01223,0.02402447408
84319.01223,0.01957145795
84319.01223,0.0219931579
84319.01223,0.0172077437
84319.01223,0.01732655314
84319.01223,0.02082530961
84319.01223,0.0169369524
84319.01222,0.01905488238
84319.01222,0.01489509159
84319.01222,0.01489509159
84319.01222,0.01489509159
84319.01222,0.01489509159
84319.01222,0.01489509159
84319.01222,0.01489509159
84319.01222,0.01489509159
84319.01222,0.01489509159
84319.01222,0.01489509159
84319.01222,0.01489509159
84319.01222,0.01489509159
84319.01222,0.01489509159
84319.01222,0.01489509159
84319.01222,0.01489509159
84319.01222,0.01489509159
84319.01222,0.01489509159
84319.01222,0.01489509159
84319.01222,0.01489509159
84319.01222,0.01489509159
84319.01222,0.01489509159
84319.01222,0.01489509159
84319.01222,0.01489509159
84319.01222,0.01489509159
84319.01222,0.01489509159
84319.01222,0.01489509159
84319.01222,0.01489509159
84319.01222,0.01489509159
84319.01222,0.01489509159
84319.01222,0.01489509159
84319.01222,0.01489509159
84319.01222,0.01489509159
84319.01222,0.01489509159
84319.01222,0.01489509159
84319.01222,0.01489509159
84319.01222,0.01489509159
84319.01222,0.01489509159
84319.01222,0.01489509159
84319.01222,0.01489509159
84319.01222,0.01489509159
84319.01222,0.01489509159
84319.01222,0.01489509159
84319.01222,0.01489509159
84319.01222,0.01489509159
84319.01222,0.01489509159
84319.01222,0.01489509159
84319.01222,0.01489509159
84319.01222,0.01489509159
84319.01222,0.01489509159
84319.01222,0.01489509159
84319.01222,0.01489509159
84319.01222,0.01489509159
84319.01222,0.01489509159
84319.01222,0.01489509159
84319.01222,0.01489509159
84319.01222,0.01489509159
84319.01222,0.01489509159
84319.01222,0.01489509159
84319.01222,0.01489509159
84319.01222,0.01489509159
84319.01222,0.01489509159
84319.01222,0.01489509159
84319.01222,0.01489509159
84319.01222,0.01489509159
84319.01222,0.01489509159
84319.01222,0.01489509159
84319.01222,0.01489509159
84319.01222,0.01489509159
84319.01222,0.01489509159
84319.01222,0.01489509159
84319.01222,0.01489509159
84319.01222,0.01489509159
84319.01222,0.01489509159
84319.01222,0.01489509159
84319.01222,0.01489509159
84319.01222,0.01489509159
84319.01222,0.01489509159
84319.01222,0.01489509159
84319.01222,0.01489509159
84319.01222,0.01489509159
84319.01222,0.01489509159
84319.01222,0.01489509159
84319.01222,0.01489509159
84319.01222,0.01489509159
84319.01222,0.01489509159
84319.01222,0.01489509159
84319.01222,0.01489509159
84319.01222,0.01489509159
84319.01222,0.01489509159
84319.01222,0.01489509159
84319.01222,0.01489509159
84319.01222,0.01489509159
84319.01222,0.01489509159
84319.01222,0.01489509159
84319.01222,0.01489509159
84319.01222,0.01489509159
84319.01222,0.01489509159
84319.01222,0.01489509159
84319.01222,0.01489509159
84319.01222,0.01489509159
84319.01222,0.01489509159
84319.01222,0.01489509159
84319.01222,0.01489509159
84319.01222,0.01489509159
84319.01222,0.01489509159
84319.01222,0.01489509159
84319.01222,0.01489509159
84319.01222,0.01489509159
84319.01222,0.01489509159
84319.01222,0.01489509159
84319.01222,0.01489509159
84319.01222,0.01489509159
84319.01222,0.01489509159
84319.01222,0.01489509159
84319.01222,0.01489509159
84319.01222,0.01489509159
84319.01222,0.01489509159
84319.01222,0.01489509159
84319.01222,0.01489509159
84319.01222,0.01489509159
84319.01222,0.01489509159
84319.01222,0.01489509159
84319.01222,0.01489509159
84319.01222,0.01489509159
84319.01222,0.01489509159
84319.01222,0.01489509159
84319.01222,0.01489509159
84319.01222,0.01489509159
84319.01222,0.01489509159
84319.01222,0.01489509159
84319.01222,0.01489509159
84319.01222,0.01489509159
84319.01222,0.01489509159
84319.01222,0.01489509159
84319.01222,0.01489509159
84319.01222,0.01489509159
84319.01222,0.01489509159
84319.01222,0.01489509159
84319.01222,0.01489509159
84319.01222,0.01489509159
84319.01222,0.01489509159
84319.01222,0.01489509159
84319.01222,0.01489509159
84319.01222,0.01489509159
84319.01222,0.01489509159
84319.01222,0.01489509159
84319.01222,0.01489509159
84319.01222,0.01489509159
84319.01222,0.01489509159
84319.01222,0.01489509159
84319.01222,0.01489509159
84319.01222,0.01489509159
84319.01222,0.01489509159
84319.01222,0.01489509159
84319.01222,0.01489509159
84319.01222,0.01489509159
84319.01222,0.01489509159
84319.01222,0.01489509159
84319.01222,0.01489509159
84319.01222,0.01489509159
84319.01222,0.01489509159
84319.01222,0.01489509159
84319.01222,0.01489509159
84319.01222,0.01489509159
84319.01222,0.01489509159
84319.01222,0.01489509159
84319.01222,0.01489509159
84319.01222,0.01489509159
84319.01222,0.01489509159
84319.01222,0.01489509159
84319.01222,0.01489509159
84319.01222,0.01489509159
84319.01222,0.01489509159
84319.01222,0.01489509159
84319.01222,0.01489509159
84319.01222,0.01489509159
84319.01222,0.01489509159
84319.01222,0.01489509159
84319.01222,0.01489509159
84319.01222,0.01489509159
84319.01222,0.01489509159
84319.01222,0.01489509159
84319.01222,0.01489509159
84319.01222,0.01489509159
84319.01222,0.01489509159
84319.01222,0.01489509159
84319.01222,0.01489509159
84319.01222,0.01489509159
84319.01222,0.01489509159
84319.01222,0.01489509159
84319.01222,0.01489509159
84319.01222,0.01489509159
84319.01222,0.01489509159
84319.01222,0.01489509159
84319.01222,0.01489509159
84319.01222,0.01489509159
84319.01222,0.01489509159
84319.01222,0.01489509159
84319.01222,0.01489509159
84319.01222,0.01489509159
84319.01222,0.01489509159
84319.01222,0.01489509159
84319.01222,0.01489509159
84319.01222,0.01489509159
84319.01222,0.01489509159
84319.01222,0.01489509159
84319.01222,0.01489509159
84319.01222,0.01489509159
84319.01222,0.01489509159
84319.01222,0.01489509159
84319.01222,0.01489509159
84319.01222,0.01489509159
84319.01222,0.01489509159
84319.01222,0.01489509159
84319.01222,0.01489509159
84319.01222,0.01489509159
84319.01222,0.01489509159
84319.01222,0.01489509159
84319.01222,0.01489509159
84319.01222,0.01489509159
84319.01222,0.01489509159
84319.01222,0.01489509159
84319.01222,0.01489509159
84319.01222,0.01489509159
84319.01222,0.01489509159
84319.01222,0.01489509159
84319.01222,0.01489509159
84319.01222,0.01489509159
84319.01222,0.01489509159
84319.01222,0.01489509159
84319.01222,0.01489509159
84319.01222,0.01489509159
84319.01222,0.01489509159
84319.01222,0.01489509159
84319.01222,0.01489509159
84319.01222,0.01489509159
84319.01222,0.01489509159
84319.01222,0.01489509159
84319.01222,0.01489509159
84319.01222,0.01489509159
84319.01222,0.01489509159
84319.01222,0.01489509159
84319.01222,0.01489509159
84319.01222,0.01489509159
84319.01222,0.01489509159
84319.01222,0.01489509159
84319.01222,0.01489509159
84319.01222,0.01489509159
84319.01222,0.01489509159
84319.01222,0.01489509159
84319.01222,0.01489509159
84319.01222,0.01489509159
84319.01222,0.01489509159
84319.01222,0.01489509159
84319.01222,0.01489509159
84319.01222,0.01489509159
84319.01222,0.01489509159
84319.01222,0.01489509159
84319.01222,0.01489509159
84319.01222,0.01489509159
84319.01222,0.01489509159
84319.01222,0.01489509159
84319.01222,0.01489509159
84319.01222,0.01489509159
84319.01222,0.01489509159
84319.01222,0.01489509159
84319.01222,0.01489509159
84319.01222,0.01489509159
84319.01222,0.01489509159
84319.01222,0.01489509159
84319.01222,0.01489509159
84319.01222,0.01489509159
84319.01222,0.01489509159
84319.01222,0.01489509159
84319.01222,0.01489509159
84319.01222,0.01489509159
84319.01222,0.01489509159
84319.01222,0.01489509159
84319.01222,0.01489509159
84319.01222,0.01489509159
84319.01222,0.01489509159
84319.01222,0.01489509159
84319.01222,0.01489509159
84319.01222,0.01489509159
84319.01222,0.01489509159
84319.01222,0.01489509159
84319.01222,0.01489509159
84319.01222,0.01489509159
84319.01222,0.01489509159
84319.01222,0.01489509159
84319.01222,0.01489509159
84319.01222,0.01489509159
84319.01222,0.01489509159
84319.01222,0.01489509159
84319.01222,0.01489509159
84319.01222,0.01489509159
84319.01222,0.01489509159
84319.01222,0.01489509159
84319.01222,0.01489509159
84319.01222,0.01489509159
84319.01222,0.01489509159
84319.01222,0.01489509159
84319.01222,0.01489509159
84319.01222,0.01489509159
84319.01222,0.01489509159
84319.01222,0.01489509159
84319.01222,0.01489509159
84319.01222,0.01489509159
84319.01222,0.01489509159
84319.01222,0.01489509159
84319.01222,0.01489509159
84319.01222,0.01489509159
84319.01222,0.01489509159
84319.01222,0.01489509159
84319.01222,0.01489509159
84319.01222,0.01489509159
84319.01222,0.01489509159
84319.01222,0.01489509159
84319.01222,0.01489509159
84319.01222,0.01489509159
84319.01222,0.01489509159
84319.01222,0.01489509159
84319.01222,0.01489509159
84319.01222,0.01489509159
84319.01222,0.01489509159
84319.01222,0.01489509159
84319.01222,0.01489509159
84319.01222,0.01489509159
84319.01222,0.01489509159
84319.01222,0.01489509159
84319.01222,0.01489509159
84319.01222,0.01489509159
84319.01222,0.01489509159
84319.01222,0.01489509159
84319.01222,0.01489509159
84319.01222,0.01489509159
84319.01222,0.01489509159
84319.01222,0.01489509159
84319.01222,0.01489509159
84319.01222,0.01489509159
84319.01222,0.01489509159
84319.01222,0.01489509159
84319.01222,0.01489509159
84319.01222,0.01489509159
84319.01222,0.01489509159
84319.01222,0.01489509159
84319.01222,0.01489509159
84319.01222,0.01489509159
84319.01222,0.01489509159
84319.01222,0.01489509159
84319.01222,0.01489509159
84319.01222,0.01489509159
84319.01222,0.01489509159
84319.01222,0.01489509159
84319.01222,0.01489509159
84319.01222,0.01489509159
84319.01222,0.01489509159
84319.01222,0.01489509159
84319.01222,0.01489509159
84319.01222,0.01489509159
84319.01222,0.01489509159
84319.01222,0.01489509159
84319.01222,0.01489509159
84319.01222,0.01489509159
84319.01222,0.01489509159
84319.01222,0.01489509159
84319.01222,0.01489509159
84319.01222,0.01489509159
84319.01222,0.01489509159
84319.01222,0.01489509159
84319.01222,0.01489509159
84319.01222,0.01489509159
84319.01222,0.01489509159
84319.01222,0.01489509159
84319.01222,0.01489509159
84319.01222,0.01489509159
84319.01222,0.01489509159
84319.01222,0.01489509159
84319.01222,0.01489509159
84319.01222,0.01489509159
84319.01222,0.01489509159
84319.01222,0.01489509159
84319.01222,0.01489509159
84319.01222,0.01489509159
84319.01222,0.01489509159
84319.01222,0.01489509159
84319.01222,0.01489509159
84319.01222,0.01489509159
84319.01222,0.01489509159
84319.01222,0.01489509159
84319.01222,0.01489509159
84319.01222,0.01489509159
84319.01222,0.01489509159
84319.01222,0.01489509159
84319.01222,0.01489509159
84319.01222,0.01489509159
84319.01222,0.01489509159
84319.01222,0.01489509159
84319.01222,0.01489509159
84319.01222,0.01489509159
84319.01222,0.01489509159
84319.01222,0.01489509159
84319.01222,0.01489509159
84319.01222,0.01489509159
84319.01222,0.01489509159
84319.01222,0.01489509159
84319.01222,0.01489509159
84319.01222,0.01489509159
84319.01222,0.01489509159
84319.01222,0.01489509159
84319.01222,0.01489509159
84319.01222,0.01489509159
84319.01222,0.01489509159
84319.01222,0.01489509159
84319.01222,0.01489509159
84319.01222,0.01489509159
84319.01222,0.01489509159
84319.01222,0.01489509159
84319.01222,0.01489509159
84319.01222,0.01489509159
84319.01222,0.01489509159
84319.01222,0.01489509159
84319.01222,0.01489509159
84319.01222,0.01489509159
84319.01222,0.01489509159
84319.01222,0.01489509159
84319.01222,0.01489509159
84319.01222,0.01489509159
84319.01222,0.01489509159
84319.01222,0.01489509159
84319.01222,0.01489509159
84319.01222,0.01489509159
84319.01222,0.01489509159
84319.01222,0.01489509159
84319.01222,0.01489509159
84319.01222,0.01489509159
84319.01222,0.01489509159
84319.01222,0.01489509159
84319.01222,0.01489509159
84319.01222,0.01489509159
84319.01222,0.01489509159
84319.01222,0.01489509159
84319.01222,0.01489509159
84319.01222,0.01489509159
84319.01222,0.01489509159
84319.01222,0.01489509159
84319.01222,0.01489509159
84319.01222,0.01489509159
84319.01222,0.01489509159
84319.01222,0.01489509159
84319.01222,0.01489509159
84319.01222,0.01489509159
84319.01222,0.01489509159
84319.01222,0.01489509159
84319.01222,0.01489509159
84319.01222,0.01489509159
84319.01222,0.01489509159
84319.01222,0.01489509159
84319.01222,0.01489509159
84319.01222,0.01489509159
84319.01222,0.01489509159
84319.01222,0.01489509159
84319.01222,0.01489509159
84319.01222,0.01489509159
84319.01222,0.01489509159
84319.01222,0.01489509159
84319.01222,0.01489509159
84319.01222,0.01489509159
84319.01222,0.01489509159
84319.01222,0.01489509159
84319.01222,0.01489509159
84319.01222,0.01489509159
84319.01222,0.01489509159
84319.01222,0.01489509159
84319.01222,0.01489509159
84319.01222,0.01489509159
84319.01222,0.01489509159
84319.01222,0.01489509159
84319.01222,0.01489509159
84319.01222,0.01489509159
84319.01222,0.01489509159
84319.01222,0.01489509159
84319.01222,0.01489509159
84319.01222,0.01489509159
84319.01222,0.01489509159
84319.01222,0.01489509159
84319.01222,0.01489509159
84319.01222,0.01489509159
84319.01222,0.01489509159
84319.01222,0.01489509159
84319.01222,0.01489509159
84319.01222,0.01489509159
84319.01222,0.01489509159
84319.01222,0.01489509159
84319.01222,0.01489509159
84319.01222,0.01489509159
84319.01222,0.01489509159
84319.01222,0.01489509159
84319.01222,0.01489509159
84319.01222,0.01489509159
84319.01222,0.01489509159
84319.01222,0.01489509159
84319.01222,0.01489509159
84319.01222,0.01489509159
84319.01222,0.01489509159
84319.01222,0.01489509159
84319.01222,0.01489509159
84319.01222,0.01489509159
84319.01222,0.01489509159
84319.01222,0.01489509159
84319.01222,0.01489509159
84319.01222,0.01489509159
84319.01222,0.01489509159
84319.01222,0.01489509159
84319.01222,0.01489509159
84319.01222,0.01489509159
84319.01222,0.01489509159
84319.01222,0.01489509159
84319.01222,0.01489509159
84319.01222,0.01489509159
84319.01222,0.01489509159
84319.01222,0.01489509159
84319.01222,0.01489509159
84319.01222,0.01489509159
84319.01222,0.01489509159
84319.01222,0.01489509159
84319.01222,0.01489509159
84319.01222,0.01489509159
84319.01222,0.01489509159
84319.01222,0.01489509159
84319.01222,0.01489509159
84319.01222,0.01489509159
84319.01222,0.01489509159
84319.01222,0.01489509159
84319.01222,0.01489509159
84319.01222,0.01489509159
84319.01222,0.01489509159
84319.01222,0.01489509159
84319.01222,0.01489509159
84319.01222,0.01489509159
84319.01222,0.01489509159
84319.01222,0.01489509159
84319.01222,0.01489509159
84319.01222,0.01489509159
84319.01222,0.01489509159
84319.01222,0.01489509159
84319.01222,0.01489509159
84319.01222,0.01489509159
84319.01222,0.01489509159
84319.01222,0.01489509159
84319.01222,0.01489509159
84319.01222,0.01489509159
84319.01222,0.01489509159
84319.01222,0.01489509159
84319.01222,0.01489509159
84319.01222,0.01489509159
84319.01222,0.01489509159
84319.01222,0.01489509159
84319.01222,0.01489509159
84319.01222,0.01489509159
84319.01222,0.01489509159
84319.01222,0.01489509159
84319.01222,0.01489509159
84319.01222,0.01489509159
84319.01222,0.01489509159
84319.01222,0.01489509159
84319.01222,0.01489509159
84319.01222,0.01489509159
84319.01222,0.01489509159
84319.01222,0.01489509159
84319.01222,0.01489509159
84319.01222,0.01489509159
84319.01222,0.01489509159
84319.01222,0.01489509159
84319.01222,0.01489509159
84319.01222,0.01489509159
84319.01222,0.01489509159
84319.01222,0.01489509159
84319.01222,0.01489509159
84319.01222,0.01489509159
84319.01222,0.01489509159
84319.01222,0.01489509159
84319.01222,0.01489509159
84319.01222,0.01489509159
84319.01222,0.01489509159
84319.01222,0.01489509159
84319.01222,0.01489509159
84319.01222,0.01489509159
84319.01222,0.01489509159
84319.01222,0.01489509159
84319.01222,0.01489509159
84319.01222,0.01489509159
84319.01222,0.01489509159
84319.01222,0.01489509159
84319.01222,0.01489509159
84319.01222,0.01489509159
84319.01222,0.01489509159
84319.01222,0.01489509159
84319.01222,0.01489509159
84319.01222,0.01489509159
84319.01222,0.01489509159
84319.01222,0.01489509159
84319.01222,0.01489509159
84319.01222,0.01489509159
84319.01222,0.01489509159
84319.01222,0.01489509159
84319.01222,0.01489509159
84319.01222,0.01489509159
84319.01222,0.01489509159
84319.01222,0.01489509159
84319.01222,0.01489509159
84319.01222,0.01489509159
84319.01222,0.01489509159
84319.01222,0.01489509159
84319.01222,0.01489509159
84319.01222,0.01489509159
84319.01222,0.01489509159
84319.01222,0.01489509159
84319.01222,0.01489509159
84319.01222,0.01489509159
84319.01222,0.01489509159
84319.01222,0.01489509159
84319.01222,0.01489509159
84319.01222,0.01489509159
84319.01222,0.01489509159
84319.01222,0.01489509159
84319.01222,0.01489509159
84319.01222,0.01489509159
84319.01222,0.01489509159
84319.01222,0.01489509159
84319.01222,0.01489509159
84319.01222,0.01489509159
84319.01222,0.01489509159
84319.01222,0.01489509159
84319.01222,0.01489509159
84319.01222,0.01489509159
84319.01222,0.01489509159
84319.01222,0.01489509159
84319.01222,0.01489509159
84319.01222,0.01489509159
84319.01222,0.01489509159
84319.01222,0.01489509159
84319.01222,0.01489509159
84319.01222,0.01489509159
84319.01222,0.01489509159
84319.01222,0.01489509159
84319.01222,0.01489509159
84319.01222,0.01489509159
84319.01222,0.01489509159
84319.01222,0.01489509159
84319.01222,0.01489509159
84319.01222,0.01489509159
84319.01222,0.01489509159
84319.01222,0.01489509159
84319.01222,0.01489509159
84319.01222,0.01489509159
84319.01222,0.01489509159
84319.01222,0.01489509159
84319.01222,0.01489509159
84319.01222,0.01489509159
84319.01222,0.01489509159
84319.01222,0.01489509159
84319.01222,0.01489509159
84319.01222,0.01489509159
84319.01222,0.01489509159
84319.01222,0.01489509159
84319.01222,0.01489509159
84319.01222,0.01489509159
84319.01222,0.01489509159
84319.01222,0.01489509159
84319.01222,0.01489509159
84319.01222,0.01489509159
84319.01222,0.01489509159
84319.01222,0.01489509159
84319.01222,0.01489509159
84319.01222,0.01489509159
84319.01222,0.01489509159
84319.01222,0.01489509159
84319.01222,0.01489509159
84319.01222,0.01489509159
84319.01222,0.01489509159
84319.01222,0.01489509159
84319.01222,0.01489509159
84319.01222,0.01489509159
84319.01222,0.01489509159
84319.01222,0.01489509159
84319.01222,0.01489509159
84319.01222,0.01489509159
84319.01222,0.01489509159
84319.01222,0.01489509159
84319.01222,0.01489509159
84319.01222,0.01489509159
84319.01222,0.01489509159
84319.01222,0.01489509159
84319.01222,0.01489509159
84319.01222,0.01489509159
84319.01222,0.01489509159
84319.01222,0.01489509159
84319.01222,0.01489509159
84319.01222,0.01489509159
84319.01222,0.01489509159
84319.01222,0.01489509159
84319.01222,0.01489509159
84319.01222,0.01489509159
84319.01222,0.01489509159
84319.01222,0.01489509159
84319.01222,0.01489509159
84319.01222,0.01489509159
84319.01222,0.01489509159
84319.01222,0.01489509159
84319.01222,0.01489509159
84319.01222,0.01489509159
84319.01222,0.01489509159
84319.01222,0.01489509159
84319.01222,0.01489509159
84319.01222,0.01489509159
84319.01222,0.01489509159
84319.01222,0.01489509159
84319.01222,0.01489509159
84319.01222,0.01489509159
84319.01222,0.01489509159
84319.01222,0.01489509159
84319.01222,0.01489509159
84319.01222,0.01489509159
84319.01222,0.01489509159
84319.01222,0.01489509159
84319.01222,0.01489509159
84319.01222,0.01489509159
84319.01222,0.01489509159
84319.01222,0.01489509159
84319.01222,0.01489509159
84319.01222,0.01489509159
84319.01222,0.01489509159
84319.01222,0.01489509159
84319.01222,0.01489509159
84319.01222,0.01489509159
84319.01222,0.01489509159
84319.01222,0.01489509159
84319.01222,0.01489509159
84319.01222,0.01489509159
84319.01222,0.01489509159
84319.01222,0.01489509159
84319.01222,0.01489509159
84319.01222,0.01489509159
84319.01222,0.01489509159
84319.01222,0.01489509159
84319.01222,0.01489509159
84319.01222,0.01489509159
84319.01222,0.01489509159
84319.01222,0.01489509159
84319.01222,0.01489509159
84319.01222,0.01489509159
84319.01222,0.01489509159
84319.01222,0.01489509159
