24.71542466,82.55429568
24.68553777,37.43974293
24.62532288,62.4962545
24.62275952,62.74154338
24.61875879,65.49121729
24.61644657,64.21841452
24.61435692,63.80895981
24.61229988,63.61444116
24.61028067,63.29830289
24.60829137,63.1338923
24.60633355,62.79809691
24.60440717,62.61678729
24.60251183,62.29828413
24.60064642,62.12934287
24.59881077,61.81407257
24.59700434,61.64951654
24.59522678,61.34198378
24.59347754,61.18461912
24.5917561,60.88308411
24.59006199,60.73179091
24.58839485,60.43675159
24.58675414,60.29167576
24.58513952,60.00284763
24.58355047,59.86369691
24.58198661,59.58106652
24.58044749,59.44770074
24.57893273,59.17115597
24.57744188,59.04338726
24.57597459,58.77284925
24.57453038,58.65051092
24.57310901,58.38588836
24.57170997,58.26881097
24.57033298,58.01001667
24.56897761,57.89803626
24.56764355,57.64498154
24.56633038,57.53793669
24.56503783,57.29053348
24.56376555,57.18826629
24.56251316,56.94642644
24.56128028,56.84878222
24.56006671,56.6124178
24.55887202,56.51924513
24.557696,56.28826837
24.55653826,56.19941908
24.55539857,55.97374247
24.55415302,54.23984977
24.55303101,54.15246793
24.55096973,55.29268807
24.54985566,54.24896352
24.54876345,54.16568445
24.54670414,54.91098497
24.54562732,53.92748896
24.54456209,53.8358588
24.54253325,54.29289287
24.54150115,53.16246498
24.54046253,53.06982137
24.5385137,53.83910261
24.53751362,52.22316949
24.53650095,52.13077372
24.53464936,53.28092261
24.53361769,53.14525559
24.53263048,53.05755314
24.53067861,52.78376744
24.5297149,52.63824038
24.52875229,52.55543036
24.52685153,52.28101697
24.52591461,52.14087396
24.5249757,52.06010001
24.52312477,51.79020395
24.52221393,51.64850858
24.52129798,51.57035633
24.51949561,51.30717092
24.5186099,51.16905268
24.5177164,51.09364917
24.51596132,50.83627975
24.5151005,50.68483059
24.51422878,50.61216084
24.51252068,50.37626652
24.51168342,50.21081194
24.5108329,50.14082662
24.50917102,49.92489996
24.50834113,49.85779463
24.50752838,49.62916371
24.5059155,49.48882008
24.50510574,49.42425766
24.50431575,49.09805673
24.50275456,49.05664684
24.50196437,48.99456437
24.50118468,48.79570154
24.50041897,48.25869989
24.4996513,48.19718269
24.49817321,48.40762501
24.4974289,47.48707979
24.49668118,47.43933115
24.49527622,48.00815039
24.49456049,46.53303991
24.49383045,46.47992376
24.49251607,47.64248033
24.49176071,47.531304
24.49105195,47.43452159
24.49033782,47.4169815
24.48963158,47.21358785
24.48893383,47.15212456
24.48824559,47.05343095
24.48754777,47.03736883
24.48685847,46.83981606
24.486179,46.77869943
24.48550904,46.67728387
24.48482761,46.66277332
24.48415457,46.46781901
24.48349339,46.40902142
24.47779333,46.84675133
24.47712455,45.9876175
24.47646646,45.9049797
24.47580106,45.89186841
24.47514382,45.69780743
24.47449476,45.61641424
24.47385647,45.55230761
24.47320664,45.54067864
24.47256481,45.34913551
24.47193259,45.25026731
24.47131254,45.19234283
24.47067795,45.18214628
24.47005111,44.99306305
24.46943712,44.83772958
24.46881965,44.8184987
24.46760994,44.67054862
24.46701149,44.40665605
24.46639867,44.18805421
24.46579587,44.16248517
24.46462418,44.11792217
24.4634473,43.53419676
24.46285812,43.50218309
24.4617123,43.52100678
24.46114586,42.85981058
24.46055417,42.73744968
24.45995018,43.41443895
24.45937724,43.34673393
24.45881393,43.26525064
24.45823667,43.26033269
24.45710976,43.03858362
24.45653226,42.94056885
24.45541216,42.78819593
24.45484655,42.76480168
24.45374181,42.54909492
24.45317775,42.46127071
24.45207974,42.28071563
24.45152696,42.25261622
24.45044387,42.04790513
24.44991352,41.96221805
24.44935853,41.89250681
24.44881296,41.77125424
24.44828514,41.70743306
24.44774342,41.7060981
24.44720761,41.52576941
24.44668738,41.47238603
24.44614542,41.40809324
24.44563304,41.33637769
24.44459071,41.14536818
24.44406087,41.14511529
24.44303453,40.93434441
24.4425159,40.91976679
24.44200392,40.75056311
24.44147596,40.69831304
24.44045239,40.50275988
24.43995783,40.44850888
24.43947046,40.26964124
24.43894874,40.21206165
24.43844283,40.21407001
24.43746964,40.12149537
24.43647789,39.72197077
24.43598248,39.70935218
24.43502785,39.61918453
24.43456547,39.13382637
24.43405162,39.08348917
24.43355531,38.60752626
24.43307094,38.58927725
24.43212865,38.43762744
24.43164236,39.2144654
24.43113934,39.16110007
24.4306444,39.05475237
24.43018356,38.99570682
24.42970859,39.00079157
24.42923881,38.83020035
24.42878428,38.78287163
24.42829251,38.73286842
24.42784412,38.65945762
24.42691397,38.51676562
24.42644929,38.52280081
24.42554924,38.30643227
24.42506779,38.24766821
24.42415512,38.10361787
24.42370005,38.09642551
24.42281646,37.88984819
24.42238781,37.81930975
24.42191248,37.77321956
24.4214443,37.66093436
24.42101752,37.60440037
24.42057098,37.61235256
24.42012938,37.44539781
24.41970802,37.40128989
24.41924268,37.35737493
24.4188273,37.2882479
24.41795554,37.1428842
24.41751865,37.15176544
24.41667834,36.94600532
24.41622279,36.89874816
24.41536645,36.74926251
24.41493858,36.74546079
24.41411377,36.54991564
24.41371677,36.43590652
24.41326606,36.39558832
24.41284751,36.38701832
24.41204469,36.24641115
24.41120915,36.01453075
24.41079977,36.00528919
24.41001173,35.86473061
24.40957354,35.86224102
24.40875446,35.49445699
24.40835408,35.48567574
24.40758439,35.41812987
24.40721112,35.01752852
24.40677437,34.98499602
24.40635109,34.62921872
24.4059765,34.60820269
24.40558748,35.21324246
24.40515851,35.17776705
24.40476565,35.19089455
24.40401053,34.99711832
24.40322267,34.87528819
24.40283749,34.87446185
24.40209593,34.68477137
24.40167499,34.64018666
24.40089949,34.51703604
24.40054426,34.45142019
24.40016611,34.46604856
24.39979211,34.31043177
24.39937875,34.26345516
24.39861648,34.16115695
24.39826623,34.09319698
24.39789602,34.10855199
24.39753019,33.95552935
24.39718331,33.91066058
24.39677415,33.88094287
24.3963703,33.7814636
24.39602457,33.72824517
24.39568385,33.67987905
24.39532163,33.69596694
24.39462679,33.5020055
24.39422492,33.47399814
24.39349248,33.35260202
24.3931615,33.29425957
24.39280514,33.31103701
24.39245284,33.15928536
24.39205824,33.12435957
24.39133718,33.01225686
24.39101095,32.95375392
24.39066207,32.97122507
24.39031736,32.8215905
24.38999432,32.72810956
24.38960275,32.70292791
24.38921755,32.5540253
24.38889522,32.50366212
24.38858076,32.25354512
24.38823944,32.27185897
24.3876085,32.40217836
24.38722413,32.38237039
24.3865355,31.74764953
24.38620106,31.75483692
24.38557835,31.83438364
24.38525839,32.04162401
24.38487634,32.01905055
24.38449911,31.93178626
24.38419233,31.88548165
24.38386377,31.90483611
24.38353882,31.75813464
24.3832354,31.72200022
24.38285979,31.70139001
24.38256042,31.64276191
24.38189079,31.54490468
24.38156899,31.56485587
24.38095556,31.37673242
24.38058565,31.34157372
24.37992573,31.24399645
24.37963498,31.18329992
24.37931831,31.20385483
24.37900521,31.05934831
24.37871715,31.01634712
24.37835015,30.99822622
24.37798745,30.90514553
24.37770011,30.85888841
24.37739004,30.8800252
24.37708354,30.73731472
24.37679899,30.69492924
24.37643772,30.67820777
24.37608105,30.58554079
24.37579684,30.53941532
24.37551711,30.46289166
24.37521348,30.48460754
24.37464059,30.37015992
24.37428493,30.35482146
24.37365845,30.12378059
24.37336089,30.13503914
24.37279695,30.02936664
24.37252849,29.76050194
24.37217516,29.7478182
24.37183037,29.5422334
24.37156068,29.51332829
24.37126812,29.53628334
24.37097879,29.39487029
24.3707005,29.75791258
24.37043628,29.70131652
24.3700879,29.68749549
24.36948024,29.60344312
24.36919366,29.62657536
24.3686496,29.44865311
24.3683062,29.42066446
24.36770634,29.34120101
24.36744939,29.27919694
24.36716723,29.30282696
24.36688823,29.16549122
24.36663367,29.12907754
24.36629248,29.11800567
24.3659549,29.02901628
24.3657011,28.98687971
24.36542469,29.01097202
24.36515146,28.8753745
24.36490011,28.82027967
24.36456383,28.81033771
24.36423191,28.70605674
24.3639809,28.66401161
24.36373505,28.49022069
24.36346433,28.51489954
24.36296305,28.54430749
24.36272333,28.17847417
24.36238857,28.16947043
24.36206243,27.98567183
24.36179696,28.00033628
24.36129224,27.86583721
24.36104013,28.24735451
24.36070992,28.23869547
24.36038339,28.16689101
24.36014356,28.12776878
24.35990691,28.08422495
24.35964581,28.10953222
24.35915349,27.94996454
24.35882808,27.94302732
24.35827189,27.8631051
24.35801576,27.87766014
24.35753096,27.71432823
24.357302,27.65465868
24.35697805,27.64850268
24.35665769,27.551559
24.35642944,27.51407322
24.35617751,27.54016549
24.3559283,27.40972219
24.3557033,27.28717076
24.35538383,27.2823328
24.35507014,27.13549803
24.35484475,27.10003689
24.35462667,26.70871156
24.35437967,26.7356788
24.3539478,27.12719168
24.35371935,27.11025967
24.35340091,27.10593912
24.35308583,27.03601535
24.35286728,26.99850932
24.35262412,27.02527887
24.35238366,26.89699584
24.35216698,26.86849974
24.35185296,26.8650623
24.35154211,26.78835501
24.35132575,26.75126776
24.35111243,26.68423403
24.35087407,26.71137626
24.35042909,26.59748863
24.35011923,26.59481879
24.34960108,26.45712111
24.34936734,26.47457444
24.34892875,26.34869222
24.3487234,26.14278417
24.34841495,26.14119671
24.34811282,25.97698991
24.34790711,25.94935985
24.3476771,25.97730499
24.34744955,25.85132821
24.34723634,26.10955399
24.34693119,26.10788725
24.34662914,26.04203784
24.34642387,26.00657434
24.34622112,25.97233826
24.34599555,26.000256
24.34557178,25.84856096
24.34527071,25.84819837
24.34477144,25.78135796
24.34457344,25.7290866
24.34435122,25.75728178
24.34413143,25.63460444
24.34383357,25.6168816
24.34333984,25.56224227
24.3431435,25.51171464
24.34294927,25.46232391
24.34273139,25.49079091
24.34232467,25.34765779
24.34202819,25.34851541
24.34154256,25.25137531
24.34132881,25.27046069
24.34092796,25.13823393
24.34063634,25.140683
24.34015571,25.0050994
24.33996996,24.98967427
24.33975949,25.01855974
24.33955129,24.89937701
24.33936685,24.67720757
24.33907523,24.67988423
24.33878981,24.52701148
24.33860479,24.5046651
24.3384116,24.78011981
24.33812274,24.7822541
24.3378366,24.72057976
24.33765247,24.69686708
24.33744489,24.7260443
24.3372397,24.60599083
24.33705682,24.58242871
24.33687643,24.54001779
24.33659114,24.54345031
24.33612766,24.48530471
24.33592421,24.51469617
24.33554429,24.3640824
24.33526179,24.3500632
24.33480298,24.29305059
24.33462632,24.2454206
24.33442581,24.27503588
24.33422747,24.15803188
24.33405184,24.11602315
24.33377055,24.12041321
24.33349176,24.04933748
24.33331632,24.01844861
24.33311964,24.04823301
24.33292515,23.93284102
24.33275131,23.86941315
24.33247306,23.8745176
24.33219819,23.80199979
24.33202384,23.77161234
24.33185317,23.60074562
24.33166033,23.63089778
24.33131181,23.70921317
24.3311473,23.26790544
24.33087023,23.27363575
24.33060059,23.14804626
24.33041124,23.16927707
24.33005793,23.07931877
24.32987662,23.50605286
24.32960196,23.51081367
24.32932976,23.45277595
24.32916225,23.42304181
24.3289966,23.39128235
24.32881019,23.42137743
24.32846177,23.28806076
24.32819035,23.29454203
24.32775674,23.24049282
24.20147572,51.13327452
24.19995733,50.4382953
24.19849854,50.04554095
24.19723402,49.34315306
24.19599416,49.31111916
24.1947917,48.87121201
24.19362063,48.72417428
24.1924738,48.48333932
24.19134896,48.21539793
24.19024613,47.98971873
24.18916582,47.7395626
24.18810625,47.55365746
24.18706672,47.28340298
24.18604705,47.09969851
24.18504716,46.84320523
24.18406631,46.67241631
24.18310406,46.41745054
24.18216015,46.25060629
24.18123418,46.00549851
24.18032569,45.84564433
24.17943443,45.60674783
24.17855999,45.45156598
24.17741114,45.29351076
24.17567844,45.03418048
24.17483179,44.87333543
24.17400012,44.630626
24.17318465,44.4609504
24.17238541,44.26546744
24.17160125,44.12717558
24.17083136,43.91108986
24.17007592,43.76922783
24.16933473,43.56969025
24.16845362,43.44239036
24.16772618,43.31081736
24.16613815,43.07030006
24.16527511,42.94119487
24.16441796,42.85949334
24.16371165,42.73492699
24.16286443,42.57354985
24.16132954,42.37062328
24.16064244,42.23666078
24.1598142,42.12662463
24.15831349,41.89831291
24.15749776,41.75902578
24.15683076,41.59469368
24.15536616,41.4047764
24.15456524,41.27544888
24.15391891,41.12277067
24.152488,40.92840803
24.15170058,40.79381634
24.15091882,40.71268605
24.1501461,40.5572615
24.14951952,40.44317454
24.14813668,40.26439786
24.14738114,40.15802397
24.1467706,40.02579028
24.1454179,39.82321697
24.14467386,39.69342025
24.144081,39.53941407
24.14275992,39.36994595
24.14202892,39.24862946
24.14130251,39.16707044
24.14072775,39.06076053
24.14000973,38.91325963
24.13873173,38.75106365
24.13817125,38.62643666
24.13746909,38.52716005
24.13621813,38.33813683
24.13552615,38.2154077
24.13498144,38.06807418
24.13375916,37.91300403
24.13307913,37.79889065
24.1325506,37.66156152
24.13135492,37.50063655
24.13068569,37.3823094
24.13002089,37.31257258
24.12936343,37.17510369
24.12885047,37.07778077
24.12769306,36.93215352
24.12704975,36.83723602
24.126549,36.71734946
24.12541551,36.54944922
24.1247814,36.43563953
24.12429451,36.2982106
24.12318604,36.1591177
24.12256253,36.05227115
24.12194253,35.98166367
24.12146992,35.89096461
24.12085677,35.76069061
24.1197827,35.62924508
24.11932092,35.51609854
24.11872083,35.42750696
24.11766834,35.2707481
24.11707652,35.16321919
24.11662724,35.03176832
24.1155976,34.90482432
24.11501542,34.80440582
24.11457882,34.68135566
24.1135704,34.54855711
24.11299704,34.44488313
24.11242707,34.38472002
24.11200288,34.30200258
24.11143901,34.18038958
24.11046128,34.0624729
24.11004634,33.95415506
24.10949414,33.86946704
24.1085355,33.7304887
24.10799082,33.6308156
24.10758691,33.50815477
24.10664835,33.39449168
24.10611226,33.30059353
24.10571939,33.18491016
24.10479963,33.06647511
24.10427149,32.97017792
24.10374638,32.91458237
24.10322665,32.80141285
24.10284477,32.72570193
24.10195217,32.62148745
24.10157818,32.51935308
24.10106903,32.43997999
24.10019344,32.31531947
24.09969106,32.22263676
24.09932668,32.10783267
24.09846879,32.00675246
24.09797409,31.91929109
24.09761945,31.81082977
24.09677826,31.7049359
24.09629071,31.61541199
24.09580579,31.56424055
24.09532572,31.4587612
24.09498069,31.38969204
24.09416366,31.29767845
24.09382545,31.20136056
24.09335501,31.12697259
24.09255302,31.01530161
24.09208863,30.9291628
24.09175891,30.82171505
24.0909727,30.73192117
24.09051522,30.65047826
24.09019406,30.54877835
24.08942267,30.4542065
24.08897168,30.3710114
24.08852298,30.32392154
24.08807868,30.22566677
24.08776606,30.16263516
24.08701623,30.08154016
24.08670944,29.99074206
24.08627387,29.92107485
24.08553753,29.8211208
24.08510744,29.74108506
24.0848081,29.6405101
24.08408571,29.56085616
24.08366191,29.48504352
24.08337009,29.38968182
24.08266091,29.30530987
24.08224288,29.22801512
24.08182691,29.18470028
24.08141496,29.09322136
24.08113077,29.0356719
24.08044097,28.96433273
24.08016181,28.87876598
24.07975779,28.81355938
24.0790799,28.7241698
24.07868082,28.64981928
24.07840823,28.55566368
24.07774287,28.48511092
24.07734951,28.41455745
24.07708364,28.32513371
24.07643019,28.24994561
24.07604205,28.17814448
24.07565571,28.13832064
24.07527308,28.05318544
24.07501393,28.00060851
24.07437777,27.93797586
24.07412292,27.85736153
24.07374748,27.79636237
24.07312205,27.71649177
24.07275116,27.64743032
24.07250226,27.55926782
24.07188805,27.49687726
24.0715223,27.43122937
24.07127926,27.34736503
24.07067567,27.28044068
24.07031472,27.21374752
24.06995531,27.17715086
24.06971832,27.12922002
24.06936228,27.04987333
24.06877432,26.99500179
24.06854105,26.91906989
24.06819163,26.86203219
24.06761332,26.79073293
24.06738528,26.70836088
24.06704001,26.64401541
24.06647172,26.58893902
24.06613112,26.52786047
24.06590835,26.44919727
24.06534964,26.38970411
24.0650134,26.32775406
24.06479564,26.24901407
24.06424642,26.19476521
24.06391461,26.13426686
24.0635841,26.09953423
24.06330932,26.05447602
24.06297883,26.00726968
24.0624865,25.88097224
24.06216369,25.82117133
24.06163116,25.80204601
24.06142213,25.7300894
24.06115248,25.70913698
24.06082725,25.63281367
24.06034629,25.53167381
24.05982261,25.4918456
24.05951057,25.40131073
24.05924594,25.3860437
24.05892767,25.25592819
24.05845692,25.17878361
24.05794349,25.15594279
24.05763866,25.07751808
24.0573285,24.99921833
24.05682351,24.96175838
24.05656443,24.97891147
24.05625303,24.77603351
24.05579785,24.73326972
24.05549981,24.65774854
24.05500518,24.63218807
24.05475318,24.69031207
24.05444888,24.2923425
24.05400841,24.34178734
24.05371714,24.26935031
24.05323116,24.23996532
24.05293454,24.17079419
24.05274872,24.1004407
24.05227063,24.06372047
24.05197781,24.00624772
24.05173522,24.18261032
24.05143938,23.52761189
24.05115901,23.4456614
24.05068879,23.40567958
24.05027287,23.57852302
24.04998683,23.56876562
24.04970252,23.48053873
24.04952552,23.44385436
24.04906824,23.4213478
24.04878862,23.37509778
24.04861413,23.31348551
24.04816331,23.26335254
24.04793405,23.58343578
24.04762839,23.54003512
24.04721134,23.43262233
24.046944,23.35109985
24.0465027,23.33606391
24.0462569,23.3129655
24.04596723,23.26388321
24.04555799,23.15802635
24.04529652,23.09033548
24.04486272,23.06628944
24.04462099,23.04222653
24.04433642,22.99505907
24.04393426,22.88867392
24.04367833,22.82512857
24.0432525,22.80348454
24.04301445,22.77705898
24.0427348,22.72860387
24.04233989,22.62585072
24.04208935,22.56570074
24.04167121,22.54250007
24.04143679,22.51841849
24.04116175,22.46912094
24.04077372,22.36725826
24.04052845,22.30878676
24.04011799,22.28680958
24.03988717,22.26274444
24.03961691,22.20294857
24.03923604,22.10804457
24.03899585,22.05131968
24.03859293,22.02939567
24.03836575,22.01319992
24.03809989,21.94208854
24.03772587,21.8522016
24.0374907,21.79685476
24.03709512,21.77570194
24.03687187,21.76528093
24.036611,21.65010014
24.0362448,21.58188586
24.03601452,21.5279074
24.03562614,21.50710876
24.03540722,21.52505803
24.03515084,21.34483716
24.03479245,21.30347545
24.03456677,21.25072452
24.0341854,21.23045134
24.03397205,21.28466256
24.03372173,20.94117464
24.03337416,20.97310866
24.03315313,20.92142392
24.03277868,20.90136595
24.03257277,21.05635982
24.03232759,20.48737558
24.03199139,20.61191027
24.03177477,20.56113021
24.03140699,20.54126757
24.03121165,20.82540436
24.03095786,20.78012255
24.03061407,20.68627206
24.03040179,20.63736672
24.03004068,20.61887025
24.02983207,20.5981294
24.02959061,20.5545495
24.02925288,20.46112648
24.02904488,20.41377776
24.02869023,20.39570412
24.02848481,20.37475469
24.02824714,20.33310185
24.02791506,20.23905175
24.02771111,20.19288532
24.02736279,20.17528299
24.02716031,20.15218577
24.02692651,20.10945461
24.02660017,20.01763182
24.02640022,19.97263034
24.02605815,19.95545925
24.02585862,19.93459536
24.02562849,19.89096931
24.02530766,19.79997017
24.02511154,19.75611347
24.02477548,19.73937066
24.02457888,19.71857592
24.02435259,19.665707
24.02403752,19.58029566
24.02384517,19.53754568
24.02351512,19.52119349
24.0233215,19.50776669
24.02309875,19.44439481
24.02278908,19.36330777
24.02260045,19.32163918
24.02227619,19.30567399
24.02208579,19.2978274
24.02186709,19.19516966
24.02156372,19.13200887
24.02137857,19.09135605
24.02106003,19.07570478
24.02087317,19.09457059
24.02065811,18.93253586
24.02036098,18.89206993
24.02017936,18.85238035
24.01986642,18.83702216
24.0196842,18.89062893
24.01947405,18.58133352
24.01918555,18.60221357
24.01900731,18.56333901
24.01869981,18.54809222
24.01852377,18.69740795
24.01831785,18.18044378
24.01803848,18.28047158
24.01786348,18.24229709
24.01756134,18.22708739
24.01739422,18.5011937
24.01718115,18.46050015
24.01689581,18.37673405
24.01672405,18.34004682
24.01642719,18.32591719
24.01624873,18.30841102
24.01604579,18.26924024
24.01576536,18.18575509
24.01559679,18.15026464
24.01530508,18.13641936
24.01512924,18.11850972
24.01492938,18.08136162
24.01465349,17.99731131
24.01448794,17.96274232
24.01420128,17.94921302
24.0140279,17.92908242
24.01383119,17.89112163
24.01355996,17.8089272
24.01339737,17.77526495
24.01311566,17.7620219
24.01294466,17.74386148
24.01275095,17.70497421
24.01248417,17.62355807
24.01232446,17.59078626
24.01204759,17.57782295
24.01187904,17.55973859
24.01168846,17.51274211
24.01142631,17.43599384
24.01132149,17.41199579
24.01113463,17.370223
24.01097737,17.34165942
24.0107053,17.32891603
24.01044755,17.25597113
24.01028345,17.23157173
24.01009979,17.15064464
24.00994521,17.12058523
24.00967785,17.10805986
24.00942518,17.05010138
24.00926393,17.06161707
24.00908299,16.92041449
24.00893117,16.8902089
24.00866828,16.87785995
24.00842065,16.83919404
24.00826321,16.88752236
24.00808619,16.61242996
24.007937,16.58251334
24.00767861,16.57027203
24.00743789,16.58347515
24.00728558,16.72235322
24.00711203,16.25670997
24.00696541,16.227115
24.00671146,16.21482028
24.00647818,16.29628293
24.00633339,16.55374668
24.00615388,16.51760554
24.00605704,16.48934453
24.00596171,16.45998069
24.00586785,16.42514239
24.0057228,16.39987864
24.00547311,16.38791349
24.00523445,16.32124552
24.00506575,16.30435012
24.00491536,16.26568777
24.00482383,16.23019432
24.00468148,16.20399151
24.00443603,16.19269044
24.00420029,16.12624305
24.00405281,16.10881526
24.00388747,16.06832436
24.00374758,16.04190293
24.00350631,16.03088138
24.00327436,15.95954854
24.00312899,15.94807252
24.00296622,15.88750091
24.00282874,15.86144217
24.00259155,15.85062919
24.00236385,15.78759573
24.00222069,15.79113185
24.00206035,15.69989813
24.001975,15.70889287
24.00189036,15.54028862
24.00175489,15.51717798
24.00152169,15.5064318
24.00129648,15.4416047
24.00116275,15.57816347
24.00100782,15.28942364
24.00087453,15.26506025
24.00064527,15.25448902
24.00042859,15.28280607
24.00029696,15.4277859
24.00014585,14.9078418
24.00001482,14.88305802
23.9997894,14.87225015
23.99958123,14.99152824
23.99945616,15.28703487
23.99929743,15.25184693
23.99921565,15.22634935
23.99913512,15.20113971
23.99900603,15.17996207
23.99878432,15.16937677
23.99856874,15.10664523
23.99843593,15.07763102
23.9982872,15.0560682
23.99816013,15.03396725
23.99794217,15.02410818
23.99772985,14.95225137
23.99759875,14.93320099
23.99745197,14.90703054
23.9973745,14.88059959
23.99724933,14.86046238
23.99703501,14.85077336
23.9968262,14.77956102
23.99668208,14.76383836
23.99655375,14.73369622
23.99647826,14.69076366
23.99635505,14.66971593
23.99614433,14.66015111
23.99593828,14.59885326
23.9958126,14.59583601
23.99567138,14.54312253
23.99555019,14.52203401
23.99534298,14.5126472
23.9951405,14.4526049
23.99501662,14.45465687
23.99487773,14.36331768
23.99475852,14.3425912
23.99455477,14.33329746
23.9943564,14.28951011
23.99423469,14.31813059
23.994098,14.16150129
23.99398068,14.14120306
23.99378027,14.13194744
23.99358616,14.11247025
23.99346759,14.18003183
23.99333399,13.88166033
23.99321848,13.86171403
23.99302139,13.85241321
23.99283344,13.8906427
23.99271906,14.05067486
23.99258812,13.55749599
23.99247445,13.53783488
23.99228064,13.52834408
23.99209907,13.63994739
23.99199085,13.91788868
23.99185369,13.88999068
23.99178419,13.86714314
23.99171578,13.84292979
23.99164844,13.81298308
23.99158193,13.80211959
23.99146941,13.78537686
23.99127872,13.77608732
23.99109001,13.71841032
23.99097604,13.68726546
23.99084857,13.66987428
23.99073791,13.65271073
23.99055039,13.64404572
23.99036463,13.57836239
23.99025209,13.5621727
23.99012616,13.5392446
23.99006207,13.51555247
23.98995303,13.49968628
23.98976862,13.49115294
23.9895858,13.4251882
23.98946216,13.40565529
23.98935191,13.38415152
23.98924453,13.36771819
23.98906314,13.35928844
23.98888345,13.29716637
23.9887615,13.26325155
23.98865277,13.25803392
23.98859104,13.16767503
23.98848526,13.15114236
23.98830682,13.14273614
23.98812934,13.08682545
23.98802413,13.14364812
23.98790492,13.00678513
23.98780085,12.99055147
23.98762538,12.98223418
23.98745253,12.96233422
23.98734888,13.02060555
23.9872322,12.76301783
23.98712965,12.74708132
23.98695705,12.73865983
