7743.666709,945.2218419,608.1861016
7152.986605,995.8018741,661.4883937
6754.030864,747.572494,448.7707014
6479.540624,657.6075868,427.2031069
6367.529731,511.8092956,331.8101701
6156.659176,536.2096459,355.3926998
6096.016764,414.9178405,265.5162805
6035.513492,349.8098378,220.3421193
5923.94732,310.5001445,179.0419973
5897.289327,274.1503735,147.0667395
5875.698093,251.5524641,144.854303
5850.891691,250.1000784,135.6027808
5816.749164,246.7970618,138.9924296
5805.693597,214.915177,122.6146511
5786.061501,193.7673419,109.2543494
5776.147328,171.7340942,102.8054901
5760.186136,164.435997,100.8393161
5751.75266,142.4288258,82.61648395
5743.574326,144.6971392,78.4428759
5733.212777,144.7053894,77.71006717
5728.957122,131.2641971,66.44597384
5724.71552,120.5883034,65.69657832
5716.138367,124.2294403,82.25119702
5707.669861,118.0599012,63.34584882
5702.381474,118.7902647,68.06381752
5694.900998,119.1175967,60.82699701
5691.102786,112.0637331,56.08203335
5685.285289,106.9859968,65.24968675
5681.539251,101.5482511,59.46924221
5676.418587,97.90124693,50.10581304
5673.886749,94.55326626,50.5055326
5669.881063,101.5621367,64.24519789
5665.165846,94.33673255,52.76383316
5660.703393,94.75147549,53.67230859
5657.320397,95.68485721,47.14288167
5655.518486,88.4249728,45.18890182
5652.650278,83.98991166,48.45468386
5650.476877,78.61736792,42.7460038
5646.968154,84.99461993,55.29286935
5643.857777,79.912069,49.84603251
5640.152168,79.60905342,49.55888363
5637.316266,80.33340343,42.07849675
5634.806357,76.86824388,46.53958468
5632.851063,71.1001893,35.58745149
5630.593887,76.08637433,41.00630037
5628.80676,77.42175367,40.82620854
5625.889922,78.3437594,48.98531117
5622.645945,76.11496169,46.03116182
5619.638496,74.21041244,47.45495134
5617.208073,73.36402631,36.42029235
5614.784103,70.05989932,39.2058832
5613.545301,64.05907146,34.79602583
5611.520882,68.61997938,41.49713924
5610.041005,64.41999269,33.59710082
5608.226723,67.11514378,38.52859769
5606.883595,66.05980951,33.57354097
5605.212812,68.35474409,39.15298167
5603.319242,67.96131649,40.05747721
5601.099797,67.55849143,41.91114023
5599.222927,67.51174299,33.47088447
5597.610029,65.19993617,36.91865587
5596.30128,61.50965828,31.83340518
5595.34913,58.00467586,30.29922101
5593.78127,61.68172902,33.84441229
5592.560551,63.69996258,33.96388194
5590.753872,64.61471485,38.52524937
5588.675209,63.70353779,38.50148602
5586.678973,61.73445683,41.25608897
5584.881924,60.43697113,29.78887921
5583.253335,58.59118908,33.98277228
5582.320901,53.55912701,29.14632996
5580.992729,57.32718486,33.88219745
5579.996497,54.72403415,29.54432784
5578.701687,56.44082756,32.06458673
5577.77877,55.84581969,28.80543871
5576.685667,56.25062648,33.26995084
5575.187102,56.24675979,31.89462674
5573.727235,56.80234664,37.48978033
5572.240585,56.11204302,29.30913984
5571.044278,56.19606619,32.90260504
5570.053447,52.457429,25.97423179
5568.920645,54.33509505,28.74215346
5568.04049,56.2045658,28.53959442
5566.904279,55.17789017,27.58716171
5565.809697,54.95062439,29.52787303
5564.487202,56.13358365,37.8000363
5563.013467,53.67303734,31.55788046
5561.786805,53.04394025,26.92040959
5561.046884,51.46989302,27.49838545
5560.00684,49.38608393,26.56086747
5559.270644,50.89395764,25.55313911
5558.702289,47.7625934,26.26276813
5557.815624,47.28762275,28.69130331
5556.681297,47.74360032,26.27174995
5555.821044,48.4772736,27.93408423
5554.655899,44.61562913,26.99382448
5553.923481,45.19189624,24.80542203
5552.864782,48.22500009,28.74691669
5552.184543,42.85708448,22.4962635
5551.581274,42.04983796,27.26472913
5550.601874,43.99477137,26.23168649
5549.909157,43.13018247,23.93115269
5548.96396,42.58682262,28.01365507
5548.268996,41.24993349,21.03219396
5547.410873,45.54095533,28.15035249
5546.748377,40.10360669,20.41432021
5546.040643,45.0873686,25.58999858
5545.500727,42.93098212,23.72299755
5544.796531,41.60598451,25.89141124
5543.971937,40.74615126,24.35787435
5543.301595,41.62750496,21.09562341
5542.420252,40.81990566,24.18061185
5541.831367,40.74033463,20.56182407
5541.00163,44.4553708,27.22633842
5540.376289,38.92932061,19.88201591
5539.799502,42.17996549,21.57610936
5539.195284,41.27035083,23.52136086
5538.627015,40.54272963,25.09755572
5537.781721,38.85080573,21.90546192
5537.340434,39.42807205,19.39559011
5536.971048,37.83492443,19.13588699
5536.517761,36.83771569,20.79543933
5535.820239,38.05520794,22.36920037
5535.190062,38.80359991,20.24169808
5534.319246,42.71499496,27.51299063
5533.707621,36.18983805,19.5745165
5533.139909,37.71821157,20.95025272
5532.775409,36.54981344,18.84877807
5532.388269,35.43133986,21.08349744
5531.797207,35.06091533,20.53837478
5531.32961,36.12486483,18.90488993
5530.696827,35.37576975,19.920301
5530.294048,35.70904867,19.00126012
5529.540414,39.44697464,25.21095076
5528.991996,34.19546055,17.64017842
5528.686622,33.54902453,20.99778115
5528.123197,34.55335609,19.75061977
5527.71852,34.3397103,17.81910551
5527.182676,33.58383274,20.513933
5526.807396,33.29471743,17.05314048
5526.177883,37.71221148,24.18388529
5525.665583,33.03971271,16.57997739
5525.387318,32.82737237,20.35209618
5524.862992,33.80480381,19.11495031
5524.487756,33.41157921,17.06438283
5523.993652,32.74859849,19.74980171
5523.638923,32.52450645,16.72201021
5523.070233,36.47383662,23.22947932
5522.602048,32.01233666,16.49782557
5522.321463,30.59715141,17.30847868
5522.015328,30.79252638,19.51676636
5521.536644,31.54977241,18.59319131
5521.158004,31.43492157,16.15587383
5520.697696,30.81913558,19.20181662
5520.373445,30.35613075,16.24082038
5519.826554,34.40539079,22.35654541
5519.386674,30.18930035,15.85262975
5519.131874,30.1327995,19.14978993
5518.703191,30.25750306,16.62597683
5518.403767,30.51885635,15.95887996
5517.893431,33.63910849,21.59832429
5517.481084,29.5378326,15.4361035
5517.133435,30.92547962,17.10528496
5516.903016,29.68267367,15.58951078
5516.6284,30.02323858,18.18884867
5516.231825,29.05371961,15.75745893
5515.932335,30.71222178,15.97253197
5515.441823,33.98561739,21.23455024
5515.066405,29.56218419,15.0936076
5514.753205,29.99083352,16.04277066
5514.283772,31.85412458,23.24030049
5513.816811,28.90507814,15.06150889
5513.561258,29.29871859,17.59343151
5513.206384,29.14387795,15.64244828
5512.74294,31.64436165,22.91614982
5512.232628,29.13365256,15.61828934
5511.808856,30.08909025,18.49048467
5511.492493,28.23666899,13.99052144
5511.140369,30.15917791,16.78022771
5510.879532,29.02689756,14.95647783
5510.576765,29.14018055,18.4642795
5510.181215,29.07310197,15.86922256
5509.739048,30.06692969,21.92954882
5509.276055,27.99118332,14.05131251
5508.932314,29.23933956,17.20628038
5508.668908,27.32125061,13.67574077
5508.459273,26.41735177,13.91986545
5508.167606,27.01029087,16.54254824
5507.818839,27.99309171,15.79395747
5507.548377,27.76791168,14.8884113
5507.18925,28.82759784,17.04766107
5506.936172,26.04597821,13.16158995
5506.687056,26.03867924,16.24640885
5506.337176,27.2270149,15.9019061
5506.079457,26.76583938,14.50673058
5505.71723,28.17211377,16.77355076
5505.46746,25.49079121,12.83140587
5505.20755,26.76638163,14.54082805
5505.010068,25.93482538,13.9397579
5504.746439,25.16571365,15.45617226
5504.406923,26.77306089,15.29753314
5504.176494,26.27616925,14.06492864
5503.84556,27.56945355,15.71709488
5503.621812,25.26746292,12.63268024
5503.376465,26.0938663,13.87719174
5503.194951,25.39679011,13.42135811
5502.955119,24.73717058,15.37574579
5502.628623,26.09458764,15.10410935
5502.405835,25.5587878,13.6233959
5502.096641,26.75982282,14.97305042
5501.890432,24.6617619,12.31396355
5501.661266,25.24050379,13.42275945
5501.488887,24.58379736,12.96190707
5501.263097,23.89261289,14.57826182
5500.95602,25.61417924,14.77841414
5500.742502,25.1149841,13.02431395
5500.455341,26.32520341,14.63175858
5500.259654,24.2845292,12.12607367
5500.090342,23.50763128,12.20823403
5499.87193,23.56754611,14.31346444
5499.579556,25.10802153,15.07455614
5499.346372,24.59898281,13.38048421
5499.058032,25.33904738,15.6003245
5498.843703,22.46821337,11.53475399
5498.614713,24.05971855,14.45634525
5498.444501,22.76881287,11.96452293
5498.296383,22.76924695,13.68420933
5498.061814,22.58725659,12.92264
5497.870896,23.79760278,12.25361885
5497.609812,25.39719179,15.0638286
5497.410414,22.62658956,11.53094333
5497.22831,22.54044219,13.96887334
5496.98989,23.04873721,13.00100246
5496.812806,23.09731086,12.26857635
5496.553333,24.02648676,14.69707761
5496.354978,21.45347517,10.67848726
5496.19306,21.44961097,13.01407375
5495.959823,22.66562298,13.28229413
5495.779211,22.41540248,11.22372164
5495.538126,23.89936561,14.21836588
5495.35058,21.67956842,10.77195189
5495.213458,20.99644704,11.19702423
5495.032541,20.97423846,12.68854573
5494.80853,22.21304321,13.33083724
5494.619111,22.07118937,11.81463835
5494.380534,23.03749005,14.16166569
5494.197273,20.48414502,10.49193041
5494.041489,20.22484177,12.22336764
5493.828026,21.61077289,12.93849352
5493.655754,21.30001854,11.15816629
5493.430176,22.4478631,13.5881628
5493.258264,20.30840849,10.2669591
5493.110284,20.03274661,11.81713029
5492.907982,21.41449413,12.65699509
5492.742446,21.15347471,11.30302087
5492.525849,22.10374536,13.19125305
5492.362027,20.01769082,9.904984177
5492.22424,19.7597255,11.40666961
5492.033433,21.18354743,12.42742202
5491.873075,20.89293318,11.08412845
5491.666238,21.73604336,12.85075381
5491.509868,19.80362683,9.807610919
5491.390461,19.3069819,10.20647298
5491.242674,19.16685839,11.19222788
5491.058963,20.53554894,12.44150096
5490.888769,20.36341049,10.94924499
5490.685074,21.20945291,12.83949513
5490.531315,19.05050078,9.721308894
5490.402799,18.70320974,10.80328274
5490.228977,20.16116297,12.01079252
5490.076333,19.9622586,10.89925578
5489.883085,20.67852222,12.32066085
5489.739152,18.81290657,9.499176119
5489.618289,18.46214768,10.52388251
5489.451659,19.87183059,11.75591432
5489.305074,19.65169376,10.5933555
5489.119524,20.35070806,12.08373777
5488.979923,18.5342431,9.232828648
5488.865593,18.18621414,10.2004339
5488.708853,19.58865094,11.50023284
5488.56862,19.45435924,10.40326196
5488.391643,20.18985521,11.88751364
5488.25706,18.41194833,9.160669023
5488.153124,17.86683192,9.425202558
5488.031052,17.69121564,10.09009692
5487.879533,18.9742828,11.50739516
5487.731209,18.94034475,10.29571703
5487.55679,19.52182732,11.97581889
5487.422651,17.48639947,9.044796934
5487.315481,17.10909476,9.790544808
5487.171565,18.45609913,11.08778047
5487.039189,18.42897676,9.922493618
5486.873957,19.15061017,11.58924316
5486.746397,17.34375993,8.813998388
5486.646204,16.98674258,9.581266724
5486.50843,18.22918131,10.80678204
5486.38226,18.21887099,9.734212761
5486.224395,18.84040041,11.40304376
5486.099881,17.04613542,8.585396794
5486.004529,16.689572,9.356626565
5485.873805,17.90362486,10.59033896
5485.75245,17.91978083,9.349228027
5485.601429,18.6074756,11.27036776
5485.478618,16.85184025,8.48477092
5485.384756,16.54753681,8.795328524
5485.281251,16.38235815,9.323070258
5485.154748,17.41801439,10.57978035
5485.026625,17.60554308,9.115419568
5484.879127,18.3382508,11.37520176
5484.757022,16.29755826,8.44360198
5484.666817,15.94393762,9.120957094
5484.545363,17.00844584,10.20093343
5484.431936,17.08138324,8.762697903
5484.293852,17.83809826,10.92969206
5484.178122,16.09642847,8.18093162
5484.094184,15.77638617,8.929242844
5483.978623,16.73660029,9.888784656
5483.871335,16.88241984,8.535158914
5483.740284,17.6942834,10.65126677
5483.629626,16.01740043,8.119928883
5483.55041,15.42658391,8.291484159
5483.459325,15.28061641,8.895030717
5483.347813,16.14916282,9.924588078
5483.234051,16.40125015,8.522156385
5483.105594,17.13535054,10.64605998
5482.996754,15.29585211,8.057141807
5482.917838,14.9366863,8.693273474
5482.810659,15.78488979,9.509355323
5482.710067,15.9810329,8.268349818
5482.588757,16.70861856,10.16128231
5482.487408,15.15458393,7.770983674
5482.413265,14.8322568,8.503868062
5482.311309,15.65406176,9.299795309
5482.215715,15.87950584,8.23931745
5482.100676,16.53365955,9.881800092
5482.004999,15.09348949,7.598732392
5481.936024,14.77424662,8.333309345
5481.838923,15.50661511,9.053645301
5481.747719,15.74197884,8.149687305
5481.636924,16.31606623,9.626017517
5481.545516,14.95858978,7.415229772
5481.480343,14.64484769,8.103787075
5481.388336,15.39956373,8.935073482
5481.299102,15.64735736,8.103168265
5481.19295,16.17333608,9.403463345
5481.10579,14.90116158,7.548902104
5481.026075,14.90477503,7.722183762
5480.951602,14.78771867,8.147669201
5480.861738,15.34088777,8.9200085
5480.766032,15.78544203,8.137959746
5480.659092,16.21343098,9.478240899
5480.57291,14.76030662,7.42927272
5480.510065,14.39525301,7.919616639
5480.423827,15.04029952,8.614671546
5480.339634,15.38017905,7.977311551
5480.238536,15.81692113,9.033519047
5480.158317,14.65433731,7.578477038
5480.097137,13.91889263,7.496444585
5480.029998,13.73057522,7.766662899
5479.947405,14.32193238,8.586202424
5479.858978,14.80646436,7.994014889
5479.758432,15.16301805,9.084646424
5479.678973,13.78476864,7.173721639
5479.620968,13.43599872,7.587460922
5479.542053,14.07145578,8.318300182
5479.462627,14.44257247,7.783891532
5479.367854,14.84128637,8.725393783
5479.292942,13.68925541,6.958787704
5479.239403,13.36282364,7.374832075
5479.164279,13.95639299,8.081351397
5479.088689,14.36535532,7.709181154
5478.997883,14.67664891,8.559426437
5478.925331,13.55403593,6.813354918
5478.873999,13.22372822,7.261709547
5478.802174,13.79187224,7.975749145
5478.728529,14.17633287,7.508886577
5478.641263,14.55958466,8.407990463
5478.570848,13.4920751,6.725660923
5478.522507,13.14787036,7.043205359
5478.45387,13.70655194,7.812891456
5478.382596,14.11649471,7.450199698
5478.298637,14.40350505,8.274520541
5478.230086,13.35694998,6.726041236
5478.164413,13.59735989,7.084152559
5478.10587,13.45320286,7.09252329
5478.038915,13.89903822,7.998321803
5477.958317,14.42916034,7.359263758
5477.872813,14.80499807,8.444670803
5477.803569,13.56505823,6.979354235
5477.759395,12.71775585,7.167993633
5477.702433,12.44076138,6.964368574
5477.636745,12.91690717,7.768680875
5477.560287,13.56253036,7.382895817
5477.475634,13.83525565,8.21546819
5477.409608,12.62203325,6.842585599
5477.360473,12.18242615,6.833809796
5477.296926,12.6859595,7.502541549
5477.229378,13.18113798,7.107159248
5477.150992,13.55129183,7.879784655
5477.088258,12.54314697,6.590647241
5477.043126,12.14289094,6.623578718
5476.983042,12.62285076,7.290169297
5476.918774,13.12034993,7.08067231
5476.844041,13.36557644,7.706095628
5476.783086,12.38593348,6.447378315
5476.739828,11.98363825,6.530358418
5476.682372,12.43687637,7.191434135
5476.6198,12.91089981,6.817173588
5476.548009,13.28478484,7.627436838
5476.488409,12.32680595,6.339235042
5476.447663,11.92593682,6.327705075
5476.392793,12.37863897,7.042084935
5476.332379,12.86537075,6.811968819
5476.263465,13.10931742,7.490750454
5476.205341,12.17335563,6.230721868
5476.165939,11.7720497,6.244995032
5476.113303,12.19968295,6.973095215
5476.054168,12.66364077,6.546798258
5475.987659,13.04214718,7.421715191
5475.930712,12.1311206,6.146186037
5475.893313,11.72703326,6.248430512
5475.833219,12.17779755,6.093970323
5475.812053,10.81945514,6.077296969
5475.744852,11.07975136,7.470579592
5475.670264,11.44697965,6.454279439
5475.598815,11.38246296,6.734219803
5475.546629,11.26571377,6.393539034
5475.488419,11.73025241,6.555969365
5475.435839,11.65879616,6.997477017
5475.379874,11.80605192,6.705867445
5475.317032,11.27068827,6.435880647
5475.261443,11.50359119,7.745434073
5475.195052,11.45753539,6.211019753
5475.157999,10.94976805,5.884565256
5475.114662,10.93818699,6.324521789
5475.040758,11.02346271,8.256852627
5474.952726,11.2996788,6.291457255
5474.885321,11.02759553,6.605954587
5474.834257,10.9412326,5.62793651
5474.803506,10.71687835,5.800376732
5474.760787,10.944264,6.397042589
5474.708377,11.41800564,6.163914229
5474.656897,11.53033563,6.614376586
5474.611039,10.78826971,5.870904312
5474.578343,10.36518719,5.480371205
5474.535115,10.88906021,6.576946495
5474.482205,11.33497026,5.920148092
5474.428481,11.58284356,6.758990323
5474.381276,10.75389979,5.817577257
5474.348317,10.27911242,5.380939047
5474.307798,10.77384584,6.465077084
5474.256527,11.27309739,5.86212127
5474.204991,11.5300225,6.654178305
5474.1598,10.74141935,5.730081272
5474.128631,10.28697564,5.341098689
5474.088943,10.69998007,6.315603767
5474.039819,11.25258986,5.859700389
5473.989489,11.44759705,6.591378498
5473.945276,10.63657801,5.656260057
5473.914894,10.16728288,5.298928601
5473.854274,11.35295578,5.666486567
5473.839366,9.794695085,5.216424872
5473.801602,10.23957474,6.361230918
5473.750439,10.88204447,6.244696304
5473.707294,10.64162413,5.842854432
5473.649573,11.00198425,7.47696315
5473.588225,9.969121599,5.492490922
5473.534842,9.848662697,5.988572429
5473.492522,10.22861213,5.444465126
5473.450067,10.5483581,5.672013753
5473.396837,10.49435926,6.739789818
5473.347451,10.70247313,6.220236168
5473.311346,9.999598916,5.440526723
5473.264763,9.901941056,6.449191772
5473.210109,10.09954214,5.515436916
5473.157042,9.906585174,5.543982255
5473.119893,10.29080694,5.416359892
5473.07777,10.54625358,5.425593418
5473.028591,10.39289925,6.554659979
5472.981084,10.63960902,6.33067502
5472.945293,9.843770462,5.085459634
5472.909703,9.949775455,5.927122719
5472.862772,10.85339693,5.73592727
5472.824707,10.82389485,5.914131091
5472.788452,10.20848401,5.819131526
5472.758143,9.599311223,4.874699683
5472.717928,9.65050249,6.195831915
5472.666731,10.22732762,5.332075272
5472.61953,9.999522288,5.506216805
5472.584745,10.14132548,5.168739414
5472.547129,10.44732938,5.195925657
5472.521166,10.11483262,6.061398773
5472.478099,10.48298362,5.326864545
5472.442531,10.53922307,5.821804602
5472.408647,9.88066808,4.920065294
5472.392217,9.432848858,5.285317091
5472.357032,9.599784218,5.695883786
5472.317471,10.22210034,4.929074914
5472.266979,10.8674357,5.972225097
5472.227931,10.61842207,5.529967419
5472.186535,10.64062892,6.020632702
5472.129766,10.63088631,5.701055351
5472.094752,10.53142055,5.520934405
5472.073615,9.852195196,5.589251487
5472.030798,9.926596396,5.81742932
5471.992715,10.32274888,5.316734617
5471.956764,10.05703999,5.369147383
5471.925425,9.990426086,5.310326139
5471.885791,9.953391791,5.931086659
5471.830521,9.916270225,5.655990219
5471.797333,9.748852632,5.265015366
5471.777409,9.121848794,5.516056778
5471.735491,9.216959368,5.568129405
5471.699383,9.717960467,4.818613092
5471.662613,9.038191925,4.692324362
5471.631285,9.302692902,6.018979361
5471.590811,9.569101085,5.182034596
5471.570065,9.201013215,4.851773767
5471.5434,8.931640136,5.085198261
5471.506019,9.791368398,4.851716892
5471.476991,9.943878183,5.462967997
5471.447443,9.350408634,5.422190943
5471.421913,8.814980408,4.560204452
5471.394846,9.021735905,5.472643382
5471.358192,9.591745191,4.71873085
5471.325244,9.800922393,5.662784346
5471.294222,9.116412376,5.097636346
5471.270314,8.637669993,4.621384208
5471.234348,8.862735654,4.729565789
5471.192789,9.880925466,5.871725893
5471.166779,9.19633807,4.914289377
5471.130447,9.364736388,5.558669713
5471.097867,9.840991244,5.810236075
5471.049297,9.668293962,5.514421222
5471.018722,9.095326677,4.913355286
5470.994581,8.807644148,4.660468314
5470.965817,8.670773261,4.453946544
5470.927924,8.640195646,5.661752002
5470.880516,9.488325206,5.160323576
5470.840386,9.095786058,5.263108848
5470.812497,8.91599907,5.044067247
5470.790368,8.798509181,5.134651025
5470.757866,8.780218324,5.20594822
5470.724679,9.236138654,4.668322519
5470.696352,9.264157191,5.257687477
5470.669869,8.628310987,4.862603544
5470.647,8.328213479,4.362391576
5470.620067,8.256763741,4.270890108
5470.585784,9.264331663,5.174107927
5470.565786,8.804849064,4.95158737
5470.529412,8.93158299,5.476815905
5470.499477,9.240669358,5.449827489
5470.455949,9.099721972,5.222799761
5470.428111,8.591623935,4.633370086
5470.405592,8.332543245,4.334352608
5470.381611,8.248602293,4.212939502
5470.347908,8.198705452,5.337964488
5470.306584,8.970055101,4.803095523
5470.271176,8.627838158,4.939985289
5470.246051,8.495237745,4.586809845
5470.228144,8.46518256,4.887129664
5470.197028,8.554938916,5.020941779
5470.16642,9.020061589,4.449828607
5470.141123,9.059767887,5.106559452
5470.117312,8.408424178,4.596689379
5470.09673,8.158604398,4.384853399
5470.072898,7.967986709,4.284878113
5470.047538,8.263139002,5.373321307
5470.009239,8.918660648,4.431773024
5469.989446,8.96573376,5.040591072
5469.966353,8.470096339,5.101257062
5469.927221,8.408533002,4.661223478
5469.902464,8.552049906,4.333535939
5469.872964,8.828028747,4.638866272
5469.852514,8.41648146,5.15970883
5469.822389,8.60381427,4.402241683
5469.79284,8.156585813,4.221230214
5469.77053,8.073615534,4.145669752
5469.744588,8.313041284,5.39825554
5469.708835,8.75546531,5.213477729
5469.683643,8.435447811,4.486645037
5469.657412,8.377213836,4.042737543
5469.637695,8.460842012,4.259223681
5469.616286,8.561708994,5.294242404
5469.587538,8.447968826,4.954457275
5469.567915,7.871782148,4.233296657
5469.5459,7.710955396,4.30194146
5469.513933,8.536376476,5.255300672
5469.494588,7.849383851,4.129574842
5469.472822,8.020703045,4.779478772
5469.447005,8.731182571,4.900509881
5469.41182,8.75365904,5.239491875
5469.389378,7.947265262,4.436384107
5469.370692,7.646195088,4.089974099
5469.348549,7.619520521,3.858650127
5469.320274,8.472935206,4.845189301
5469.302816,8.009057463,4.335466608
5469.275034,8.107140314,5.025036418
5469.250697,8.332596622,4.888469146
5469.21277,8.228547528,4.644202911
5469.189619,7.864643264,4.195129392
5469.171939,7.627829255,4.082520764
5469.151539,7.476282053,3.991033364
5469.123126,8.067780103,4.624929449
5469.107251,7.640223704,4.341468042
5469.079373,7.677384385,4.638693695
5469.055697,8.236592324,4.836995054
5469.018324,8.136186246,4.670259283
5468.996846,7.67887525,4.185478624
5468.979158,7.43585169,3.853921069
5468.953594,7.341262105,4.416580932
5468.924977,8.161487719,4.220186328
5468.898653,7.920354701,4.30053142
5468.88061,7.820931766,4.00754266
5468.858263,7.96363198,3.980245453
5468.842678,7.75293217,4.447819132
5468.817759,8.275177205,4.093306712
5468.796175,8.265977951,4.633230578
5468.777514,7.634440794,3.989347796
5468.756703,7.554889274,4.321946465
5468.741549,7.420425826,4.049842494
5468.720928,7.473491787,4.623514956
5468.689538,8.23468707,3.887546724
5468.66783,8.360160178,4.727412639
5468.648162,7.578301469,4.462897378
5468.63015,7.155116559,3.773848734
5468.612084,7.24223027,3.735098808
5468.593396,7.411232163,4.620613318
5468.56342,8.147416918,4.214169887
5468.546771,8.081759201,4.436914805
5468.528423,7.692864199,4.556910614
5468.497815,7.62036552,4.072677982
5468.479138,7.74311271,3.913377344
5468.462713,7.502414975,4.251003974
5468.447847,7.316748137,4.05886709
5468.424686,7.378192826,4.553193561
5468.397795,7.781014346,3.753299534
5468.374801,7.107766549,3.652488376
5468.355709,7.281203819,4.485532381
5468.332264,7.565943596,4.276620199
5468.318562,7.223692148,3.659978374
5468.302851,7.240950667,3.920077317
5468.278105,7.654701386,4.322666201
5468.264722,7.294805375,3.850250143
5468.248201,7.175125975,4.164006497
5468.229273,7.755008206,4.45933884
5468.201045,7.65101908,4.401914731
5468.182737,7.192524601,3.798235524
5468.168984,7.108671322,3.923342908
5468.153179,6.836301042,3.531700665
5468.138009,6.92158737,4.371479385
5468.111022,7.550260008,3.842103783
5468.097171,7.578185994,4.35966485
5468.080158,7.148825149,4.351365474
5468.050647,7.059834604,3.904611788
5468.033005,7.232720754,3.770701562
5468.022578,6.900063926,3.64659493
5468.002693,7.030471004,4.112304519
5467.982619,7.353808547,3.675863854
5467.966692,7.309658508,3.697863495
5467.952867,7.391987805,3.860348793
5467.931809,7.500975264,4.318955637
5467.903457,7.442067315,4.099457325
5467.886713,7.313523752,3.911105227
5467.87561,6.878689783,3.811925107
5467.855979,6.872568822,3.895321928
5467.8363,7.411730002,3.746003955
5467.821096,7.224787134,3.718819924
5467.807269,7.258038602,3.934654949
5467.786829,7.198322495,4.297145434
5467.758633,7.056910894,3.873211999
5467.742223,7.093594443,3.845047491
5467.731459,6.665719682,3.598813934
5467.712306,6.767021554,3.926629081
5467.693354,7.167524863,3.516478101
5467.67587,7.235169349,3.791816284
5467.660805,6.932643392,3.852021159
5467.646702,6.566649292,3.652072525
5467.630197,6.575778637,3.427557115
5467.607738,7.412972779,4.233548657
5467.594724,6.969741511,3.661220157
5467.575294,6.98725559,3.98035136
5467.557735,7.427871843,4.349825618
5467.531807,7.23730015,4.012914924
5467.51639,6.825125546,3.646136518
5467.50331,6.608150222,3.794917839
5467.488148,6.36006145,3.377598213
5467.468411,6.2648887,4.107021333
5467.442128,7.060039614,3.84513673
5467.420467,6.737827042,3.8844203
5467.406167,6.56536036,3.764877031
5467.394322,6.490325851,3.584367398
5467.377356,6.528480617,3.73456975
5467.359225,7.004211137,3.432912994
5467.344372,7.029015337,3.875451702
5467.33074,6.54792061,3.63910212
5467.318263,6.312399765,3.540152094
5467.302796,6.375326356,3.267845397
5467.281736,7.217193576,4.029325905
5467.269758,6.847178126,3.681807891
5467.250526,6.836534739,4.054586041
5467.234228,7.003548968,4.021207591
5467.210904,6.847041903,3.66519454
5467.196209,6.608677357,3.536377723
5467.183335,6.369584132,3.824553612
5467.167789,6.301002155,3.243041889
5467.148039,6.840547512,3.404916109
5467.1405,6.398120865,3.486313003
5467.121774,6.438979517,3.690632517
5467.106482,6.892599877,3.958246481
5467.082855,6.782870744,3.627159443
5467.069138,6.502193369,3.442621936
5467.057511,6.232829592,3.465900695
5467.042805,6.246099028,3.187930706
5467.023341,6.823276522,3.799732898
5467.012635,6.509587693,3.590963446
5466.994832,6.424362587,3.77365707
5466.979711,6.733987707,3.880627106
5466.956411,6.595327176,3.520408903
5466.942718,6.391818351,3.354024519
5466.930554,6.225349349,3.712372484
5466.916098,6.165521445,3.13541207
5466.897403,6.694332242,3.350567517
5466.880442,6.721431053,3.54560038
5466.870344,6.295336652,3.645298682
5466.855169,6.703747959,3.909697041
5466.831739,6.57658065,3.539393949
5466.818758,6.305920372,3.307581549
5466.805546,6.349783402,3.518416419
5466.794879,6.301504409,3.203650997
5466.783076,6.251224951,3.708129134
5466.762771,6.745062651,3.167563984
5466.748544,6.827268027,3.881623962
5466.735502,6.195929066,3.489365874
5466.724744,5.929387109,3.395796365
5466.712536,5.823087987,3.041413191
5466.694288,6.703881491,3.881410092
5466.683161,6.312382576,3.321666191
5466.667188,6.315295675,3.728560517
5466.653352,6.507595654,3.830171998
5466.632659,6.336294603,3.381961323
5466.620266,6.13002149,3.240329404
5466.609884,5.966680619,3.328583331
5466.597191,5.937966018,3.014424073
5466.581571,5.863036852,3.747616001
5466.560337,6.440547842,3.397576493
5466.543026,6.151242805,3.301673032
5466.531483,6.137825612,3.403190286
5466.521836,6.081563844,3.331736831
5466.507962,6.048788865,3.357056777
5466.493322,6.419729025,3.316925921
5466.48186,6.251325991,3.137912259
5466.471986,6.368899838,3.412054418
5466.455898,6.457747348,3.844277418
5466.436083,6.244578356,3.258759509
5466.42422,6.297979389,3.394063623
5466.415905,5.88621508,3.319261954
5466.400547,5.873302569,3.357707046
5466.386683,6.226130855,3.212826949
5466.374615,6.186034355,3.205736546
5466.364421,6.21814888,3.263949167
5466.348524,6.307246457,3.508758192
5466.329478,6.28323854,3.321427019
5466.318649,6.206530134,3.323725743
5466.310578,5.809960694,3.251167531
5466.299232,5.69065107,3.189508955
5466.284899,5.72767534,3.623169775
5466.266659,6.194959498,3.283577825
5466.2564,6.173714348,3.207369928
5466.245828,5.898126281,3.446333981
5466.228098,5.849368097,3.134346873
5466.217499,5.957887243,3.054675615
5466.206629,5.933308436,3.250340977
5466.19763,5.870082901,3.216205127
5466.18361,5.838172919,3.549880519
5466.16595,6.248046676,2.936118408
5466.153812,6.320596907,3.446885494
5466.142858,5.810017433,3.273875453
5466.132871,5.539875721,3.129503813
5466.122442,5.472985574,2.882136962
5466.106485,6.188849304,3.515085469
5466.097293,5.866381309,3.177308086
5466.082818,5.83592045,3.357075224
5466.070805,6.116785313,3.550436525
5466.053313,5.966534274,3.187242003
5466.043006,5.705993716,3.007806767
5466.034125,5.550259306,3.187133738
5466.023022,5.466241912,2.783810034
5466.007688,6.003940122,3.316499275
5465.999692,5.74057207,3.105227474
5465.985918,5.690276098,3.17493187
5465.974628,6.0376895,3.44972153
5465.957005,5.91875843,3.07128318
5465.947041,5.723295763,3.087103963
5465.937262,5.524317712,3.256587798
5465.926097,5.481081538,2.806030099
5465.911168,5.965671849,3.033710811
5465.89802,5.925141105,3.087566476
5465.890392,5.551511667,3.204039335
5465.878999,5.86885685,3.423782931
5465.861245,5.742677962,3.055232838
5465.85145,5.533191137,2.986701288
5465.840871,5.510738186,3.067056106
5465.832735,5.4894946,2.779741802
5465.823635,5.450260581,3.260182164
5465.807315,5.893146547,2.763712339
5465.796642,5.971494802,3.324715412
5465.786789,5.452413128,3.078497639
5465.778407,5.213964589,2.959343537
5465.768608,5.198555635,2.731997131
5465.753434,5.946919289,3.459668285
5465.74458,5.58698822,2.975613508
5465.732218,5.547201755,3.198683688
5465.721698,5.740842925,3.374969692
5465.705941,5.58771032,2.963907011
5465.696599,5.384441975,2.828251652
5465.688694,5.255871672,3.033598911
5465.678391,5.221116831,2.70458424
5465.664157,5.706198484,3.186855369
5465.65682,5.440775929,2.89502839
5465.644545,5.399252126,2.96310463
5465.634328,5.772443864,3.274696106
5465.61835,5.668423871,2.962331293
5465.609445,5.497239306,3.293207332
5465.596907,5.287580776,3.214246606
5465.586288,5.188668271,2.760188605
5465.572423,5.040727424,3.115483071
5465.558792,5.464128313,2.821535593
5465.546689,5.274077608,2.801599276
5465.536146,5.227621717,3.18475703
5465.525303,5.38248728,2.81047459
5465.517923,5.233228142,2.826450981
5465.508148,5.333484281,2.813351733
5465.493736,5.594913705,3.132858263
5465.486462,5.365034393,2.898139439
5465.47752,5.27293382,3.221461682
5465.465774,5.290197801,2.867564224
5465.457477,5.13640204,2.794909598
5465.446544,5.11544299,3.050876504
5465.436418,5.171013486,3.12899516
5465.426527,5.097230242,2.607463035
5465.417132,4.83196308,2.814791114
5465.40553,5.586927931,3.016807132
5465.391542,5.533311263,2.925733102
5465.383149,5.190589952,2.937040069
5465.37567,4.909960533,2.845867781
5465.366249,4.946266556,2.633170696
5465.352176,5.568904021,3.234362394
5465.344695,5.240443885,2.773770287
5465.334043,5.135104655,2.756799723
5465.326705,4.9962962,3.062467544
5465.313897,5.477656076,3.221742949
5465.298134,5.305529977,2.977462757
5465.289425,4.954153448,3.149177718
5465.279672,4.834046264,2.531344713
5465.27185,4.965304963,2.583041393
5465.258628,5.466881682,3.085886443
5465.251494,5.192462985,2.819772571
5465.241013,5.03402943,2.837036772
5465.232186,5.35170065,3.061378747
5465.217849,5.23104031,2.751411926
5465.21025,5.071314971,3.072920103
5465.199109,4.934290458,3.011961746
5465.189796,4.853141802,2.589534714
5465.17778,4.709674775,2.94657595
5465.165454,5.216305817,2.648570865
5465.155341,5.032808573,2.581652573
5465.148561,5.06319334,2.608526115
5465.140592,5.064567048,2.829183621
5465.133741,5.024434498,2.69296161
5465.124663,4.987229532,3.033102792
5465.111105,5.333957002,2.608426299
5465.103186,5.29397395,2.864677664
5465.095702,4.872089706,2.780900611
5465.088596,4.672134336,2.689720353
5465.080857,4.63426711,2.521208436
5465.068109,5.25025056,3.014833909
5465.061328,4.969020672,2.723505412
5465.050941,4.896596425,2.806682067
5465.042471,5.114516591,2.920856076
5465.030148,5.020616225,2.661554978
5465.022899,4.803399783,2.619435433
5465.015283,4.714789938,2.818038578
5465.006702,4.694499276,2.430667581
5464.994848,5.167062013,2.585057494
5464.987912,5.098434699,2.842064055
5464.98195,4.862657946,2.602556826
5464.972386,5.050311439,2.92213311
5464.959216,4.833301288,2.596098966
5464.952201,4.802388637,2.592706421
5464.942354,4.832472466,2.561157059
5464.935702,4.681692708,2.621919075
5464.926818,4.909624153,2.621566946
5464.919108,4.877315346,2.45739788
5464.910255,4.576381702,2.4799999
5464.901924,5.124615552,3.074335947
5464.894333,4.841914991,2.690856479
5464.883505,4.861131201,3.041276291
5464.872746,4.628202958,2.461366526
5464.866116,4.611590664,2.287297223
5464.859411,4.705747549,2.838550012
5464.852633,4.574740242,2.552202821
5464.843317,4.497705572,2.574930061
5464.834899,4.993077177,2.897308972
5464.822518,4.844518665,2.544700363
5464.815754,4.647873825,2.547414993
5464.80977,4.487287875,2.592314205
5464.802305,4.465815576,2.402418622
5464.790692,4.92842512,2.797904096
5464.785059,4.677952938,2.535015168
5464.776418,4.574610668,2.53481807
5464.769054,4.855335896,2.790842589
5464.757201,4.758410635,2.551327179
5464.750442,4.631447421,2.856739419
5464.740716,4.502066259,2.772908313
5464.732805,4.418572431,2.405576018
5464.722646,4.237839231,2.650553437
5464.712703,4.633232079,2.351404565
5464.70422,4.487667688,2.296834525
5464.697727,4.593324297,2.681286587
5464.688468,4.665101668,2.687927101
5464.682249,4.593057742,2.395791296
5464.674877,4.607432724,2.687311713
5464.666319,4.585556269,2.37524407
5464.659714,4.554000345,2.479992433
5464.653673,4.368177727,2.407065181
5464.647525,4.307175487,2.59622663
5464.640407,4.338466464,2.345129046
5464.6297,4.873210737,2.384804795
5464.623614,4.860849172,2.600142945
5464.618615,4.666387441,2.56793277
5464.61027,4.77417794,2.657370537
5464.600002,4.60396131,2.566929855
5464.593631,4.50875827,2.495331671
5464.584781,4.509474831,2.353133446
5464.578988,4.389717253,2.468857062
5464.571121,4.591774152,2.552325334
5464.564413,4.467681587,2.201195514
5464.557025,4.49931664,2.740056372
5464.548315,4.302133785,2.492491888
5464.543181,4.257819551,2.203394458
5464.536887,4.32500553,2.662035784
5464.528676,4.324312439,2.17322517
5464.523028,4.414494009,2.176433777
5464.517249,4.517678677,2.761091276
5464.510224,4.350688627,2.65381141
5464.500287,4.26106166,2.719241031
5464.490997,4.345172178,2.278825819
5464.485418,4.330257504,2.182292874
5464.477626,4.379633045,2.673071783
5464.469416,4.349754323,2.701815315
5464.462025,4.253472468,2.181229572
5464.455915,4.432416175,2.573106319
5464.445771,4.320498605,2.316039053
5464.439977,4.301966909,2.656784427
5464.431559,4.354050284,2.549186453
5464.426204,4.264378879,2.286693928
5464.418449,4.22422971,2.505533509
5464.410424,4.339114493,2.191605693
5464.405482,4.328944127,2.217696612
5464.400209,4.425255424,2.492906826
5464.391369,4.540180377,2.663732884
5464.380414,4.397415668,2.389045534
5464.374749,4.36206874,2.266169654
5464.37093,4.142684912,2.329631262
5464.365105,4.133762122,2.277860551
5464.358071,4.087727672,2.614631309
5464.347334,4.46611884,2.443484704
5464.341652,4.429203487,2.327651277
5464.336285,4.221262113,2.504914295
5464.327076,4.149960789,2.351144457
5464.321323,4.06958333,2.560422679
5464.312713,4.336114632,2.438304707
5464.307702,4.259282767,2.250794792
5464.30206,4.087121106,2.199376012
5464.296886,4.069829389,2.012169195
5464.291454,4.1787154,2.418510944
5464.284961,4.419350365,2.607926805
5464.278914,4.256120951,2.486216386
5464.269993,4.218537459,2.686347081
5464.26165,4.026828867,2.120790333
5464.256689,4.044803402,2.049556045
5464.251069,4.060899187,2.415513228
5464.245952,3.990156513,2.232400017
5464.23901,3.958980717,2.417324192
5464.23245,4.23544799,2.420031418
5464.223739,4.13896621,2.232756494
5464.218615,4.019260339,2.176486738
5464.213383,3.983644741,2.390961135
5464.207083,3.977406359,2.140594545
5464.197954,4.409979002,2.219116707
5464.192848,4.350707384,2.349660757
5464.188832,4.156508687,2.294631466
5464.181468,4.290862201,2.533951665
5464.172314,4.087364546,2.263959293
5464.167428,4.036568003,2.140691063
5464.160515,4.080883203,2.161434984
5464.155569,3.961606117,2.175513878
5464.149398,4.188035624,2.287171557
5464.143691,4.131555681,2.052900855
