314.8524338,125.6309757,103.4240774
269.6545049,83.50089126,56.75432366
246.4170466,63.21586309,41.35937834
235.4525156,46.70944277,36.08826055
231.601048,35.59201986,17.35097174
230.5013877,33.09454968,17.41848605
217.324638,32.12887094,20.02406798
216.0070979,28.20258224,15.84740492
214.2911562,23.97430311,15.50989401
213.2511377,24.24521492,17.25094483
212.5078429,20.60324645,15.14821056
211.8847008,17.4230516,9.768709334
211.4943471,16.88576542,9.782253917
210.6250845,17.18214112,9.933437916
210.2796424,15.58928967,10.57706422
209.8357688,14.46335699,8.694885451
209.4133566,15.57341335,11.27480943
209.0775022,13.45661079,7.048282748
208.8825058,12.94628551,7.106341206
208.6931371,12.66150893,6.148593767
208.4359186,12.58218971,7.269899555
208.2606966,11.75174642,7.333773304
208.0557626,11.51027479,5.958499916
207.820111,12.72634649,8.391153788
207.6198433,11.50653126,5.965546472
207.4934571,11.06129679,5.912913246
207.3816141,10.83397066,5.171322707
207.2259641,10.87575995,6.198580984
207.1050708,10.03001172,6.25395547
206.9700542,9.958186205,5.164721858
206.5129879,9.324713438,4.869434281
206.3418441,10.5127074,6.989822205
206.2130486,9.495361369,5.407719037
206.1202003,8.98772737,5.043336299
206.0450815,8.984292728,4.304725865
205.9759182,8.677022123,4.838123311
205.9078691,8.382260307,4.128044473
205.7990497,8.578227066,4.784381085
205.7367148,8.201898898,4.846550201
205.6565386,7.968764314,4.097932051
205.600505,7.9290041,3.996036299
205.4622856,8.938617,5.458522244
205.381529,8.398638009,4.858052942
205.31464,7.806468617,4.107776368
205.269196,7.626340919,3.717386534
205.2209537,7.282712413,3.836745444
205.1766797,7.404536798,3.801587807
205.0772337,7.412927801,4.0568944
205.0223469,7.188203248,4.336291443
204.9648735,6.995357198,3.602526483
204.743161,6.554015685,3.604627352
204.6309239,7.932983689,4.805963942
204.5719215,7.175325397,4.754536437
204.5232911,6.198473634,3.198557536
204.4906917,6.575192879,3.369271335
204.4551571,6.218857493,3.353486437
204.4219977,6.120538873,3.060233056
204.3094018,6.717141301,3.968201103
204.2664881,6.194659313,3.941064923
204.2169466,6.118283993,3.162097725
204.1209015,7.430764716,4.586082503
204.0738872,6.53616172,4.532947807
204.0354156,5.508477647,2.633151998
203.9751223,5.561087811,3.391523163
203.9360769,5.667212803,3.617128223
203.9047298,5.100920818,2.60106427
203.8775631,5.277195864,3.105180069
203.8515665,4.883868862,2.698624324
203.7666943,6.542738996,4.028446451
203.7149353,6.195709222,4.074137589
203.6867934,5.351286451,2.792974699
203.6315985,5.20781054,3.038507093
203.5997417,5.605457781,3.406468752
203.575056,5.026100887,2.834564225
203.55251,5.0714318,3.060967964
203.5313965,4.550121728,2.473433084
203.4571482,6.039710201,3.618603856
203.4111839,6.053739802,3.932144538
203.3868446,5.178428732,2.668342402
203.3698479,5.156419427,3.112322671
203.3517767,4.438631979,2.401979971
203.3060544,4.561403045,2.67971174
203.2768194,4.858567783,2.993682494
203.2578265,4.4818321,2.297780582
203.1233326,4.465875748,2.718491236
203.0522101,5.736393142,3.288374793
203.016897,5.541274529,3.705855193
202.9971229,4.574153171,2.276548381
202.9355771,5.29079264,3.219781703
202.9025888,5.313249121,3.653506006
202.8826899,4.379473655,2.304977469
202.8690419,4.614155199,2.873365176
202.855229,3.930258435,1.936750159
202.8400104,4.528794516,2.615777184
202.8270779,4.118524901,2.133575166
202.7707941,5.507209679,3.025126696
202.7385754,5.418409117,3.503228073
202.7219336,4.501466891,2.226736581
202.6846735,4.709971687,2.798220877
202.6626663,4.570175218,2.860821648
202.6486729,3.993634526,2.15126107
202.5996928,5.118140125,2.772818642
202.5718275,5.115848129,3.370170402
202.5569314,4.184882012,2.181460624
202.5082511,4.721907945,2.667696782
202.4847289,4.899189674,3.119891984
202.4706515,4.183941961,2.081584133
202.3750593,3.919685292,2.220247781
202.326592,4.653225015,2.60471154
202.3041984,4.745844556,3.133865383
202.2903601,3.92761867,1.977642591
202.2569107,4.194688804,2.67150387
202.2362618,4.09236215,2.644437388
202.2242156,3.543759877,1.891119394
202.1824187,4.660643951,2.496121676
202.1589877,4.759211447,3.190074119
202.146091,3.837293941,2.193074336
202.1050598,4.165208351,2.53608765
202.0841652,4.338726879,2.953061173
202.0716555,3.582661536,1.843519546
202.0622844,3.949920527,2.499972634
202.0534017,3.298023804,1.725037892
202.0429119,3.903514464,2.343795284
202.0343363,3.437161594,1.793222064
202.0092787,3.681993838,2.316086581
201.990313,3.770854216,2.354485601
201.9807297,3.319539064,1.703935458
201.9432226,4.506654115,2.413753313
201.9225142,4.523354036,3.016162226
201.9115049,3.646269531,2.060964552
201.8754296,3.957365302,2.38261241
201.8576165,4.10767793,2.784274338
201.8468722,3.363406143,1.728389029
201.8390222,3.696742412,2.305188349
201.8316517,3.108611889,1.57949501
201.8228147,3.696796196,2.207449218
201.8155744,3.235553034,1.715905524
201.790487,3.542482308,2.242037808
201.7726544,3.70966219,2.240013423
201.7639997,3.288731923,1.717720121
201.7554275,3.532682575,2.305484957
201.7481752,2.90338043,1.653715187
201.712532,4.066456393,2.179573467
201.6941073,4.278989457,2.7896272
201.6844389,3.531955581,1.87205079
201.6526337,3.950562717,2.361366213
201.6364133,3.866561257,2.596618075
201.6268849,3.13784567,1.552886609
201.6204909,3.520540629,2.109328837
201.614352,3.011878343,1.669373866
201.5911621,3.287081495,2.096350923
201.575456,3.358245658,2.115443479
201.5678078,2.963198769,1.541002175
201.5359787,3.930506574,2.08052003
201.5295058,3.587273014,1.964672549
201.5142305,3.682331299,2.024665772
201.509159,3.274271712,1.675942675
201.4817721,3.804663803,2.347407217
201.4647304,3.778019063,2.564773782
201.4565914,3.032954976,1.539937178
201.3895378,3.059899549,1.746466331
201.3596883,3.642811168,1.93751897
201.3466252,3.845670103,2.430864254
201.3386667,3.230886382,1.634523101
201.3140709,3.555221838,2.272600779
201.2990129,3.372682663,2.105079325
201.2915949,2.934186855,1.699430936
201.2650893,3.511005672,1.884586622
201.2514924,3.710050781,2.50305131
201.243734,2.9710914,1.554009579
201.2214931,3.238071862,2.196738136
201.2068186,3.079318142,1.961904579
201.2000955,2.691574,1.464479777
201.1753288,3.554291925,1.873534272
201.1624773,3.723589941,2.431391083
201.1550854,3.033676034,1.52546278
201.1345492,3.184603642,2.09357234
201.1214994,3.064811608,1.866606213
201.1154163,2.731285493,1.508272422
201.0925815,3.509313103,1.942486331
201.0795134,3.620081146,2.422828944
201.0720822,2.900236975,1.526547043
201.0663319,3.182733685,1.909855213
201.0612811,2.744911575,1.661858188
201.0353184,2.857125129,1.854252115
201.0219407,2.938823412,1.833879736
201.0160723,2.604529391,1.387376617
200.9931855,3.483120757,1.894424603
200.9810412,3.514017367,2.322963957
200.9741584,2.856365997,1.446682116
200.9547542,3.018193174,1.926724587
200.9428025,2.943385833,1.794723212
200.937265,2.610496596,1.394062112
200.9166835,3.434722801,1.936521384
200.9045421,3.437217986,2.313693501
200.8976127,2.758591629,1.416763266
200.8783336,2.943481644,1.937234186
200.866419,2.835220347,1.743836584
200.8610891,2.520263204,1.308704777
200.8108928,2.665423343,1.770394983
200.7885813,3.280456308,1.77812
200.7781122,3.359830744,2.190406968
200.7718898,2.760401544,1.414193509
200.7523234,3.186887534,2.015508739
200.7410377,3.165395933,2.21003747
200.7341166,2.535733921,1.310410169
200.7181063,2.823945894,1.856057671
200.7067985,2.738429781,1.746278596
200.7015747,2.395939712,1.261636291
200.683218,3.355802706,1.87721408
200.6718942,3.32709477,2.273434715
200.6652474,2.643872304,1.353604527
200.6473861,3.086879792,1.926216871
200.6368796,3.118649573,2.144822698
200.6303629,2.526778283,1.306641465
200.6258778,2.733416772,1.690358669
200.6217772,2.32317348,1.247159051
200.6073331,2.671621309,1.793003015
200.5957737,2.662821371,1.6789656
200.5907951,2.366565709,1.241943068
200.5726706,3.277558784,1.838292967
200.5619351,3.258428055,2.227438211
200.5556606,2.582633424,1.27463741
200.5512383,2.833210099,1.628534704
200.5473516,2.495296732,1.425483905
200.5291487,2.651963828,1.693209008
200.5183678,2.692922871,1.606085959
200.5137157,2.432638706,1.330385077
200.4964994,3.153063182,1.841708515
200.4864617,3.091000349,2.12428283
200.480623,2.459321927,1.268927586
200.4646516,2.75396564,1.83145039
200.453692,2.610857279,1.626744657
200.4489506,2.307169302,1.161562806
200.4094215,2.450794219,1.618342355
200.3914094,3.026326496,1.693578326
200.3826375,3.055474773,2.018447395
200.3772939,2.501033182,1.261253726
200.3621147,2.957653845,1.891459473
200.3526483,2.917659185,2.043208913
200.3467315,2.336534794,1.238007823
200.3332908,2.599940669,1.72657472
200.3236367,2.510646381,1.584789318
200.3192331,2.215674921,1.12405207
200.3067296,2.414453318,1.57310505
200.2962706,2.581242736,1.534336809
200.291917,2.340108925,1.2113973
200.2765433,3.215180261,1.973707289
200.2665756,3.053647495,2.109501323
200.2608191,2.414769767,1.20269315
200.2566967,2.681958186,1.534986905
200.2531851,2.36998027,1.33845474
200.2372302,2.515892418,1.649064779
200.2273524,2.520377346,1.538150942
200.223122,2.264912768,1.242441887
200.2083005,2.995087288,1.780758623
200.1991121,2.960142238,2.042893449
200.1936974,2.346537153,1.264579513
200.1898686,2.533137346,1.503826694
200.186481,2.213875123,1.333126658
200.1694592,2.436819618,1.621446887
200.1593821,2.43322224,1.515616031
200.1551952,2.170028897,1.123191798
200.1409522,2.993544511,1.755438248
200.1323425,2.916961998,1.979411288
200.1272443,2.345801189,1.172934629
200.1142099,2.606918266,1.70425462
200.1046849,2.472191354,1.507047307
200.100599,2.202798666,1.170585436
200.0875996,2.917877041,1.748621132
200.0791597,2.847554874,1.964716527
200.0740614,2.265137678,1.158518213
200.0703506,2.492883371,1.450694551
200.0671686,2.199874509,1.300672572
200.0516698,2.373172566,1.578096875
200.0423135,2.369707274,1.481549399
200.0383785,2.112920525,1.071558656
200.0253985,2.925834009,1.72148386
200.0172805,2.841004271,1.927981729
200.0124217,2.284165891,1.139607105
200.0004821,2.469392733,1.602314013
199.9921897,2.370099296,1.442555144
199.9885079,2.122140835,1.085237619
199.9560386,2.267250995,1.529037922
199.9423527,2.761564952,1.612629852
199.9350634,2.733360856,1.841212045
199.9305421,2.217317736,1.096571634
199.9270766,2.438842136,1.399450683
199.9240705,2.163465512,1.237733852
199.9094345,2.363134641,1.520924453
199.9005985,2.369098533,1.436703041
199.8968858,2.127858769,1.122147023
199.8846615,2.811707497,1.691583947
199.8770665,2.715665306,1.867918393
199.8724812,2.173448845,1.098639004
199.8611047,2.405254444,1.587505421
199.8528491,2.289142735,1.421647532
199.8492545,2.03308347,1.075025895
199.8382733,2.788410475,1.687181614
199.8307763,2.699211393,1.861608257
199.8261668,2.152393641,1.096864769
199.8228917,2.3529546,1.357802708
199.8200662,2.086257812,1.226737757
199.8064993,2.204442659,1.446041703
199.7986313,2.23502627,1.381387799
199.7952321,2.010015822,1.016707504
199.7847407,2.214738133,1.41652627
199.7762869,2.263060845,1.302976765
199.7729866,2.07986334,1.063750254
199.761792,2.826348713,1.740895572
199.7542728,2.65575095,1.85715529
199.749773,2.09479894,1.059593474
199.739555,2.300808711,1.495611225
199.7317791,2.220939557,1.341826075
199.7284831,2.000538611,1.016412798
199.7182853,2.748473019,1.685812998
199.7110492,2.612873336,1.829977038
199.7065853,2.061122715,1.052098839
199.6957992,2.320911443,1.531624462
199.6877592,2.204171025,1.345867807
199.6844119,1.977149031,1.00026597
199.6573206,2.102606374,1.377124459
199.6454544,2.643124487,1.580009228
199.6389112,2.572543621,1.757275213
199.6347954,2.072432441,1.011995729
199.6249267,2.601411531,1.706248906
199.6181362,2.50455407,1.757636111
199.613727,2.012555132,1.056625295
199.6039277,2.229062438,1.481809825
199.596937,2.137463158,1.347906772
199.593761,1.891609538,0.9631155163
199.5846945,2.051176475,1.333875359
199.577151,2.277469125,1.312697015
199.5739776,2.083900652,1.18554461
199.5702391,2.120041636,1.379669338
199.567292,1.771745413,1.02459486
199.5571679,2.664662063,1.664830048
199.5500145,2.630740195,1.831339592
199.5454781,2.105822842,1.142196752
199.5337786,2.256089412,1.481227182
199.5266966,2.097669077,1.301302377
199.5233212,1.897181748,0.9652766634
199.5140596,2.668227461,1.67220724
199.5069924,2.546113304,1.722798821
199.5027661,2.062472239,1.174484431
199.4999498,2.130582959,1.239291264
199.4974708,1.890193828,1.126212141
199.4853777,2.104660658,1.382910823
199.477901,2.103287778,1.337791403
199.4746555,1.86388907,0.9494264403
199.4652302,2.625427756,1.600258006
199.4588114,2.499439484,1.741294262
199.4548259,1.984277246,0.9925264893
199.4455911,2.225547197,1.459414142
199.4384964,2.100788898,1.308803354
199.4354057,1.865865272,0.9505424618
199.4267319,2.588326003,1.596080736
199.4204009,2.471125207,1.731263429
199.4164077,1.953524628,1.012288097
199.4137191,2.100167383,1.201585806
199.4114124,1.880942814,1.100430085
199.4003858,2.048688661,1.340647252
199.393501,2.05393157,1.289122066
199.3905242,1.832744307,0.9229774734
199.3677281,1.978112169,1.334500051
199.3571356,2.493743247,1.506456361
199.3514414,2.396566238,1.639729076
199.3478752,1.93878802,0.9415014739
199.3453803,2.095495426,1.180966102
199.3431713,1.87888807,1.064829271
199.3323752,2.09378195,1.334104498
199.325447,2.088050616,1.276670739
199.322503,1.875134063,1.007515084
199.3136953,2.519091378,1.580721463
199.3077557,2.370218817,1.678228401
199.3040517,1.86707369,0.9499046463
199.2958343,2.078746384,1.377295325
199.2895502,1.979000871,1.246129928
199.2867792,1.759509631,0.9034878736
199.278924,1.919012422,1.228399625
199.2724185,1.978626013,1.185493959
199.2697762,1.80761533,0.9526278541
199.2613457,2.558313169,1.608647558
199.2552095,2.380362116,1.683789941
199.2514674,1.871804555,0.9316986033
199.2489867,2.045803768,1.154258365
199.2468836,1.837356395,1.059474082
199.2368832,1.958129686,1.277023304
199.2307144,1.989553719,1.246489805
199.2279691,1.777311098,0.9107497514
199.2198583,2.515454375,1.5867236
199.2140282,2.355125607,1.665419474
199.2103874,1.853409684,0.9517989155
199.2080942,1.987487783,1.138000434
199.2060747,1.776593848,1.041750249
199.1956465,1.98079522,1.298678392
199.1891849,1.980962536,1.246719724
199.1864203,1.762747566,0.9016542729
199.1783576,2.508657104,1.578290043
199.1726615,2.340286437,1.656776944
199.1690925,1.837255773,0.9216861908
199.1668542,1.981982011,1.119711268
199.1648992,1.780027244,1.030319147
199.1551666,1.963606827,1.277877865
199.148936,1.974701092,1.235672263
199.1462326,1.758064376,0.898116969
199.1383665,2.499876564,1.588123215
199.1327447,2.321080216,1.644797866
199.1292135,1.82218729,0.9249125862
199.1270453,1.957120284,1.108264893
199.1251497,1.755022269,1.015745384
199.1158044,1.914136479,1.241785653
199.1099539,1.957309252,1.208991839
199.10737,1.755279811,0.8727600483
199.0997823,2.50705748,1.601644695
199.0942724,2.306868607,1.63844389
199.0907975,1.803036408,0.905633653
199.0887095,1.941451874,1.089351376
199.086871,1.747085458,1.007376203
199.0771858,1.944180161,1.264159634
199.07113,1.945692606,1.225913443
199.0684852,1.724351785,0.8718724677
199.0609005,2.487053527,1.584028892
199.0554039,2.298707425,1.636011257
199.0519292,1.794764984,0.9110381517
199.0498824,1.918058164,1.08129558
199.0480926,1.722474414,0.9904491112
199.0393951,1.869420618,1.200209499
199.0339281,1.889332542,1.174195303
199.0314963,1.695427101,0.8606796069
199.0117518,1.838151249,1.245292278
199.0028448,2.378157756,1.481347067
198.9978743,2.242294415,1.561504105
198.9947119,1.784336484,0.8930242793
198.9927473,1.906441913,1.065663014
198.9910015,1.71642483,0.9714903108
198.9820151,1.913989127,1.210094287
198.9763415,1.920143318,1.191983362
198.9738455,1.711563139,0.8815022993
198.9664053,2.450639314,1.576654909
198.9610213,2.248131019,1.62731067
198.9576036,1.730376214,0.8932658322
198.9556683,1.84861337,1.051425688
198.9539845,1.658257114,0.9670967588
198.9456252,1.8187774,1.180065854
198.9403105,1.839562624,1.160986613
198.9379438,1.641365351,0.8438130969
198.9309878,1.800775056,1.140502718
198.9254776,1.876388396,1.088247783
198.9232424,1.720808187,0.8802319306
198.9161192,2.500077475,1.638730887
198.9106304,2.235761458,1.636936889
198.9071912,1.701240254,0.8444528752
198.9008114,1.888135403,1.2206878
198.8956884,1.817329889,1.118677944
198.8934527,1.630460331,0.8262433796
198.876056,1.754555313,1.160625007
198.8681061,2.339818943,1.481930972
198.8632083,2.171151129,1.559489503
198.8600218,1.689860009,0.8282609774
198.8534166,1.936553154,1.243650079
198.8479818,1.845210967,1.132435551
198.8456631,1.649006193,0.8306353281
198.8391839,2.370966909,1.53290389
198.8340448,2.173919842,1.59603026
198.8307049,1.65721206,0.8485224937
198.8287224,1.795595937,1.030604567
198.8270614,1.610938775,0.9459329893
198.8189395,1.792863659,1.172972157
198.8135134,1.820366914,1.193959028
198.8110533,1.586122952,0.8236317017
198.8045167,2.346580445,1.507355991
198.7996052,2.167401533,1.56192888
198.7964337,1.673267149,0.8724973577
198.7946114,1.770415566,1.000579387
198.7930315,1.597243138,0.9351241315
198.7850969,1.766372218,1.142397198
198.7800981,1.77659724,1.126347231
198.7778766,1.575655371,0.8110972009
198.7714158,1.748824049,1.113333055
198.7661249,1.786530891,1.051291143
198.7639986,1.633043683,0.8406057176
198.7575576,2.36024073,1.528581355
198.7526125,2.135393144,1.552676784
198.7494909,1.637187772,0.8191083962
198.7431799,1.872758839,1.220751594
198.7379049,1.770959765,1.106234056
198.7356591,1.574334427,0.8005665447
198.7296843,2.291245603,1.473763831
198.7249419,2.104098028,1.534121985
198.7218572,1.613402927,0.8164514719
198.7159409,1.808633471,1.179225635
198.7111243,1.724997337,1.067443984
198.7090353,1.548266342,0.7897687613
198.7030308,1.693824637,1.069946059
198.6980566,1.746153523,1.054247733
198.6960157,1.581809849,0.8171707721
198.6899293,2.282072962,1.468139176
198.6852358,2.093218876,1.493173354
198.6822833,1.642293171,0.8343999771
198.680454,1.758564093,0.9724036794
198.6789671,1.594460196,0.9190669723
198.6713818,1.723533022,1.111697517
198.6666398,1.744066356,1.102734476
198.6645117,1.551503568,0.7909311016
198.65857,2.246515675,1.441360806
198.6541463,2.06971204,1.479113524
198.6512963,1.615250971,0.8191878699
198.6496115,1.717894166,0.9497910933
198.6481749,1.562974564,0.9102746949
198.6402862,1.749642509,1.123341018
198.6353879,1.753491445,1.118418608
198.6332225,1.541801891,0.7806004555
198.6273342,2.231246334,1.428714993
198.6230296,2.056246285,1.457883397
198.6202352,1.621601944,0.8084953864
198.6185689,1.724844192,0.9466730145
198.6171691,1.566073406,0.903974783
198.6096254,1.74232863,1.113327467
198.6048112,1.744957591,1.106048434
198.6026566,1.543334958,0.7965681748
198.5968816,2.210030026,1.415632806
198.592665,2.035438808,1.447714245
198.5899292,1.594769342,0.8020466708
198.5840177,1.783825975,1.153071231
198.5795138,1.698074036,1.061970291
198.5774859,1.509821408,0.7664802112
198.5622153,1.644864645,1.106990147
198.5555222,2.125940448,1.320259646
198.5516729,2.008091953,1.39243397
198.5491228,1.609295463,0.7947231748
198.5435612,2.114212883,1.393224823
198.5396437,1.963783348,1.406524983
198.5368999,1.558708053,0.8395257854
198.5301259,1.809512114,1.159559447
198.525391,1.716852832,1.109781891
198.5232301,1.489800698,0.7632475367
198.5179183,2.208675637,1.416018545
198.5136689,2.02735739,1.464944374
198.5108193,1.577419717,0.7806636932
198.5091356,1.679677645,0.9095073804
198.5077721,1.537410274,0.8762415928
198.5007295,1.735979241,1.108479273
198.4958783,1.729461484,1.113435448
198.4936548,1.516463206,0.7963380011
198.488202,2.154189989,1.380939406
198.4841554,1.985131025,1.415228874
198.4814905,1.55710137,0.7957611647
198.4799017,1.624105181,0.871349782
198.4785873,1.500800715,0.8742666709
198.4718724,1.65294844,1.047862113
198.467598,1.657348626,1.046953413
198.4656457,1.468327398,0.7551270947
198.4599719,1.641215445,1.034003783
198.4553406,1.698385286,0.9777894074
198.4534294,1.559054992,0.7904910787
198.4480508,2.211109496,1.445186819
198.4439552,1.977014672,1.407905896
198.4413192,1.549248807,0.7710479892
198.4359197,1.73254358,1.098587804
198.4315922,1.644315217,0.9960936903
198.4296926,1.482430027,0.7608690225
198.4247079,2.132654329,1.3688019
198.420743,1.945880608,1.402203261
198.4181242,1.512790983,0.7665934878
198.412456,1.739410121,1.119715772
198.4079413,1.63599554,1.015036585
198.4059864,1.458662919,0.7320625843
198.392399,1.590058882,1.083598116
198.3860781,2.063067,1.289612121
198.3824449,1.926770127,1.342249205
198.380035,1.541811668,0.7907884853
198.3748519,2.053559717,1.363292661
198.3711807,1.88934849,1.350139974
198.3686029,1.504677676,0.8072368078
198.3629766,1.678287195,1.073014208
198.3590857,1.60180223,1.003033317
198.3572525,1.422327601,0.7339825623
198.3519069,1.585833079,1.006585213
198.3474743,1.739553556,1.006666461
198.3455693,1.584097502,0.9072975053
198.3436206,1.563044436,0.9627284432
198.3421094,1.350681869,0.7969240462
198.3368378,2.098054531,1.356225203
198.3329797,1.959470284,1.395970293
198.3303487,1.55655824,0.8493284235
198.3239915,1.698917242,1.049733792
198.3201436,1.622558543,1.040398316
198.3181642,1.420299881,0.7454217001
198.3133542,2.102218001,1.367351113
198.3095172,1.947501103,1.370286192
198.3069109,1.54878859,0.8619914109
198.3053958,1.537221348,0.8099925367
198.2990843,1.782193987,1.167986022
198.2966836,1.505426534,1.031295142
198.2923257,1.484353461,0.7193441306
198.2874283,2.138403577,1.319510282
198.285087,1.810101496,1.325527761
198.2817097,1.568741083,0.7518671518
198.2764985,1.804415079,1.08483888
198.2744718,1.598119149,1.087980428
198.270197,1.491972529,0.7428463053
198.2655468,2.11156744,1.318079101
198.263281,1.778921015,1.311078284
198.2598952,1.549719368,0.7468578691
198.2589309,1.476898036,0.7719851801
198.2535808,1.640922607,1.073856856
198.2495696,1.565235644,0.9945263872
198.247852,1.391983369,0.7211936816
198.242788,1.551348529,0.966699282
198.2386806,1.573679736,0.9441794557
198.2370156,1.429950099,0.7484414262
198.2321822,2.090602688,1.335206848
198.2284667,1.89572615,1.367585944
198.2260361,1.473872194,0.7370745369
198.2212511,2.020601433,1.333290969
198.2178466,1.861458739,1.333374863
198.2154381,1.473523375,0.7674155215
198.2101898,1.660909151,1.035816089
198.2065688,1.619265957,1.022559786
198.2047995,1.423506531,0.7106607868
198.2003146,2.110043948,1.369120885
198.1966491,1.901317708,1.381456622
198.194172,1.4658614,0.722303416
198.1892666,1.662854433,1.043577612
198.1854466,1.591619413,1.002795812
198.1836977,1.407297298,0.720477621
198.1792606,2.053808021,1.324221685
198.1756873,1.867083571,1.365278345
198.1732681,1.43292214,0.7206299785
198.1686173,1.601673551,1.012136922
198.1650209,1.543852623,0.9705219188
198.1633679,1.374051077,0.7004319173
198.1586308,1.517549337,0.9307805699
198.1548108,1.562156934,0.9501064363
198.1531905,1.408635533,0.7352959747
198.148522,2.067360266,1.329756441
198.1449124,1.876060721,1.341077834
198.1425703,1.47132569,0.7321694836
198.137944,1.998521995,1.317422105
198.1346736,1.838071541,1.322087677
198.1323291,1.447252173,0.7537150566
198.1272342,1.630309171,1.006701122
198.1237215,1.637957575,1.03465681
198.12195,1.433891674,0.7042986777
198.1175774,2.105171341,1.382581958
198.1140063,1.872540912,1.375815899
198.1115642,1.428511678,0.7131520958
198.1067647,1.63008915,0.9983898852
198.1030496,1.583099371,1.011854072
198.1012949,1.387528853,0.718106156
198.0969849,2.026580631,1.304718428
198.0934972,1.840569365,1.361025402
198.0911035,1.398059398,0.7084881159
198.0865167,1.589609748,0.9876118153
198.0828758,1.551239399,0.9964327644
198.0811646,1.360464556,0.6937923066
198.0689248,1.493494738,1.0177219
198.0633927,1.971827605,1.23748142
198.0602242,1.849497416,1.296691174
198.0580458,1.467527678,0.7460323874
198.0535344,1.974187138,1.325475721
198.0503734,1.792876396,1.29822189
198.0481029,1.410915356,0.7537639938
198.0430862,1.576179372,0.9689797664
198.039899,1.539491485,0.9966510418
198.0382647,1.340712524,0.6824846644
198.0337583,1.473986638,0.9016382449
198.0302498,1.543752646,0.9407310468
198.0286929,1.392835628,0.7409081242
198.0242138,2.058607814,1.342146643
198.0206777,1.851049005,1.348095047
198.018343,1.421233785,0.7015185743
198.0171403,1.503462566,0.8084785317
198.0161296,1.381422267,0.7779585302
198.0105979,1.537198175,0.9401846322
198.0070849,1.559404461,1.002416766
198.005414,1.362874245,0.7239436422
198.0009858,2.000877369,1.306109838
197.9976534,1.810915264,1.321021924
197.9954145,1.396078102,0.6933341976
197.9909574,1.58541295,0.9998285822
197.9875276,1.520184683,0.9879244921
197.9859012,1.321878614,0.6700082936
197.9816643,1.461527496,0.8885880851
197.9781533,1.511853238,0.9232565999
197.976649,1.362210994,0.7144484658
197.9722676,2.019181009,1.308522309
197.9688526,1.817318154,1.321795607
197.9666025,1.400657501,0.6993912854
197.9622807,1.94194486,1.286175005
197.9592261,1.781797474,1.285614491
197.9570146,1.400834572,0.7291355864
197.9523078,1.566121548,0.9587213565
197.9492286,1.53607312,0.9774761635
197.947669,1.344997531,0.6731388644
197.9436419,2.018016466,1.314065268
197.9403329,1.816926222,1.330197083
197.9380582,1.39008339,0.6814777379
197.9335087,1.617083305,1.007527611
197.9298846,1.548429478,0.9934764522
197.9282117,1.348946595,0.691437181
197.9241405,1.977388871,1.288402114
197.9208739,1.790412149,1.320012755
197.9186319,1.363427548,0.6748182987
197.9144665,1.577435597,0.9940871512
197.9109154,1.508792301,0.9714024613
197.9092984,1.317559429,0.6694205484
197.8982398,1.443570963,0.9899191188
197.8929824,1.911409482,1.218056201
197.8899796,1.763675488,1.264120743
197.8879199,1.379935361,0.6996135051
197.8836648,1.896975019,1.266173321
197.8807117,1.734908948,1.259756751
197.8785833,1.36119567,0.7219720341
197.8738495,1.573211338,0.9785197165
197.8705428,1.513855798,1.005342674
197.8688989,1.295223362,0.6636917183
197.864921,1.976157392,1.288798816
197.8616912,1.785620747,1.31773808
197.8594578,1.360295492,0.6653390271
197.8583442,1.446746343,0.7840784423
197.8574247,1.327458941,0.7487520479
197.8524642,1.474975316,0.9026849683
197.8492721,1.508860089,0.9755989505
197.8477166,1.316998819,0.6894855771
197.843587,1.948760306,1.278481973
197.8404838,1.755087732,1.287194077
197.8383638,1.346200892,0.673900318
197.8340066,1.552488855,0.9757769108
197.8307033,1.487380131,0.9862679683
197.8291126,1.277332599,0.6474746909
197.8251657,1.425408752,0.8657461433
197.8218074,1.473321339,0.9114531011
197.8203676,1.318160363,0.6947986114
197.8162626,1.958304435,1.279300974
197.8130587,1.755933535,1.288900288
197.8109221,1.343997212,0.6663670309
197.8068404,1.885644903,1.252988914
197.8039874,1.727551018,1.251181195
197.801897,1.354610605,0.7053374793
197.7974748,1.529620871,0.9356986609
197.7945474,1.486602312,0.9650399647
197.7930542,1.289083287,0.6595578019
197.7892604,1.944576995,1.264652874
197.7861701,1.758770807,1.292320967
197.7840232,1.342387527,0.6603577224
197.7799315,1.528076836,0.948435926
197.7767704,1.481169919,0.9476033531
197.7752734,1.296697941,0.6552698556
197.7715115,1.920580236,1.25689493
197.7684773,1.731531373,1.279102467
197.7663687,1.316561447,0.6593350878
197.7624313,1.490538299,0.9296038725
197.7593702,1.444297748,0.9286192624
197.7579233,1.266379256,0.6411141936
197.7539039,1.423903398,0.8651978705
197.7505715,1.470838413,0.9181160501
197.7491323,1.303992317,0.686561096
197.7451545,1.926922613,1.25976975
197.7420789,1.735673794,1.259137246
197.7400261,1.344628959,0.6645665479
197.7360281,1.862353075,1.235139718
197.7332616,1.704073886,1.236108589
197.7312204,1.332307841,0.6924917028
197.7268457,1.538096546,0.9382271876
197.7237809,1.489387547,0.9710698977
197.7222543,1.284213424,0.6626133545
197.7185163,1.923370642,1.254085054
197.7154834,1.737469214,1.279325656
197.7133694,1.319955619,0.6491222325
197.7094548,1.857430103,1.23442485
197.7067102,1.694922039,1.221622355
197.7046939,1.332765958,0.6947153616
197.7003599,1.520621666,0.9249892359
197.6974653,1.469576026,0.9608803446
197.6959781,1.265849843,0.6494568585
197.6923052,1.909284311,1.239984224
197.6893214,1.737170178,1.269211316
197.6872327,1.331542116,0.6606745946
197.68623,1.402089343,0.7533008603
197.6853984,1.288000186,0.7272028501
197.6805019,1.456480712,0.8783750418
197.6774247,1.477762599,0.9741929626
197.6758961,1.270721855,0.6729495382
197.6720119,1.880017515,1.225257995
197.6691314,1.704588812,1.242695988
197.6671427,1.313812959,0.6501548795
197.6633841,1.475755437,0.9115053799
197.6605337,1.428354575,0.9317981857
197.6591254,1.238921008,0.6367275926
197.6490607,1.366776487,0.9430540143
197.6442938,1.824625679,1.158293743
197.6416479,1.689099541,1.197797464
197.6397935,1.332485505,0.6674892025
197.6359001,1.824352067,1.217217051
197.6332783,1.649819169,1.203446039
197.6313354,1.287318462,0.6933928398
197.6268529,1.481372493,0.8918200275
197.6240095,1.441226333,0.9590599397
197.6225362,1.232210239,0.6336135674
197.6189151,1.892604942,1.233935406
197.6160045,1.700323412,1.259002851
197.6139499,1.287918489,0.6362946788
197.6103381,1.454198337,0.881496836
197.6075511,1.418923502,0.9059403868
197.6061979,1.245918699,0.6335410019
197.602657,1.873838098,1.227749226
197.5997848,1.677379368,1.248404896
197.5977585,1.264103973,0.6382661512
197.5938684,1.467333897,0.9063462291
197.5908451,1.416196925,0.9286435137
197.5894073,1.225017827,0.6193593517
197.5859325,1.347520197,0.7995879893
197.583047,1.40713328,0.8713705036
197.5817588,1.2552759,0.6684682708
197.5779748,1.885830213,1.235038216
197.5750549,1.685993472,1.230518588
197.5730794,1.296393494,0.6410471021
197.5693121,1.816375543,1.208708812
197.5667236,1.647412312,1.198080321
197.5647892,1.284483893,0.6757562449
197.5605409,1.476510769,0.8887602786
197.5576948,1.497981233,0.9785993658
197.5561927,1.282063249,0.6429012027
197.5525924,1.899421246,1.267622943
197.5497301,1.674570628,1.252159426
197.5476902,1.257450285,0.6356223707
197.5439864,1.443261596,0.8613101032
197.541126,1.421981043,0.938611462
197.5396932,1.223312603,0.6283676849
197.5361696,1.849674513,1.208221188
197.5333629,1.662305109,1.238437511
197.5313631,1.251040552,0.6305949568
197.5278431,1.410062067,0.856772023
197.5251211,1.408073435,0.9257994705
197.5237349,1.21584446,0.6175205481
197.5145465,1.335406668,0.9207412282
197.5099079,1.802282045,1.162116868
197.5073363,1.661457167,1.185795909
197.5055027,1.298614739,0.6433696383
197.5046023,1.35848412,0.7367983472
197.5038186,1.242786048,0.6950664767
197.4993306,1.407787659,0.8138378559
197.496448,1.483404225,1.001523228
197.494895,1.246203394,0.6720355447
197.491211,1.817898277,1.197037824
197.4885177,1.631517696,1.22142081
197.4865741,1.231601726,0.6428535139
197.4828548,1.40081576,0.8366020297
197.480196,1.416839146,0.9434842587
197.4787922,1.207559104,0.6087217707
197.4751649,1.367041386,0.8437507261
197.4721469,1.40948347,0.9323780105
197.4707228,1.212471952,0.6564072201
197.4670166,1.861000811,1.227089073
197.4641605,1.65807967,1.241435792
197.4621486,1.242514417,0.6175515422
197.458679,1.436302001,0.8699222093
197.4558695,1.4044325,0.935620866
197.45446,1.198750889,0.621393094
197.4509643,1.839634712,1.214561747
197.448179,1.655712471,1.235722837
197.4461766,1.241367096,0.62235246
197.4452922,1.309463845,0.7382755472
197.444519,1.184243013,0.6887189826
197.4402642,1.343407873,0.7937938826
197.437545,1.397873301,0.9532111158
197.4361178,1.178371427,0.6116965996
197.432473,1.840384586,1.214711818
197.4297375,1.640242774,1.220870397
197.4277841,1.237612549,0.617813622
197.4241832,1.439021985,0.8750145197
197.4213823,1.409610931,0.9517517601
197.4199517,1.188933217,0.6100116542
197.4164595,1.840433305,1.22018838
197.413709,1.635335341,1.229815172
197.4117231,1.22023542,0.6118652787
197.4083652,1.401659009,0.8529039782
197.4056861,1.37110886,0.9128088471
197.4043457,1.173526611,0.5968408134
197.4009091,1.325785313,0.7848352353
197.3980991,1.37123517,0.872813601
197.3968304,1.204207963,0.6464689868
197.3932025,1.848339038,1.223333972
197.3902334,1.643647652,1.267963033
197.3881347,1.194512488,0.6087113206
197.3848914,1.358388419,0.7872208042
197.3823717,1.385255693,0.9298323497
197.3810133,1.177183923,0.601017249
197.3775939,1.849807663,1.236786969
197.3749023,1.634324341,1.219772168
197.3729437,1.223962727,0.6093235545
197.3694862,1.402780844,0.8620264374
197.3668684,1.36355182,0.9024487138
197.3655538,1.170513164,0.5906897809
197.3571147,1.2897652,0.8973844403
197.352676,1.757931423,1.134640171
197.3502101,1.602655599,1.164166548
197.3484359,1.23533417,0.6159952573
197.3448455,1.752360448,1.180270604
197.3424589,1.56398887,1.148377022
197.3406503,1.212178444,0.6500896668
197.3369179,1.372009022,0.8123141594
197.3345646,1.347006068,0.8993233763
197.3332967,1.150146317,0.5968475376
197.3300217,1.791133016,1.169194171
197.3274362,1.602435754,1.191543598
197.3255648,1.209766361,0.6075203077
197.3220793,1.3910972,0.8372054929
197.3194978,1.353269466,0.8947494958
197.3182069,1.16156257,0.5961031216
197.3149221,1.784751996,1.174645612
197.3123191,1.591703498,1.191758937
197.310443,1.193405175,0.6013567478
197.3071515,1.368238043,0.8319550269
197.3045926,1.333020599,0.8823774045
197.3033303,1.146414118,0.5858816596
197.2999839,1.304435521,0.7698716692
197.2972383,1.350985631,0.8622854741
197.2960044,1.182498233,0.6383923376
197.2925602,1.793210325,1.181358587
197.2899335,1.592587663,1.177803293
197.288106,1.209580538,0.6037273878
197.2846305,1.731245559,1.155828415
197.2822945,1.55790432,1.141614869
197.2805112,1.207801133,0.6342711343
197.2768545,1.403379174,0.8327629878
197.2743354,1.39166024,0.9171481095
197.2730189,1.186889282,0.614464606
197.2697824,1.786098547,1.183935907
197.2672329,1.585829474,1.18134504
197.2653932,1.194843126,0.5957939703
197.2622269,1.360222461,0.8192767193
197.2597779,1.329892338,0.8751520408
197.2585425,1.146359922,0.5822763714
197.2553548,1.760542113,1.155162329
197.2528408,1.571356412,1.171971584
197.2510223,1.181863404,0.595632462
197.2476873,1.366413227,0.8270237224
197.2451,1.340915962,0.8939821845
197.2438104,1.144524347,0.5777654731
197.2406109,1.761449828,1.158143449
197.2380991,1.572780326,1.173421177
197.2362792,1.182126982,0.5946610396
197.2331603,1.338452132,0.8037878509
197.2307517,1.327254366,0.8805474757
197.2295131,1.138145571,0.5790135774
197.2262403,1.286739046,0.7531626716
197.2236259,1.375556167,0.8612293703
197.2224104,1.207853073,0.6313390426
197.2190785,1.781625448,1.192672043
197.2165709,1.567142967,1.154457157
197.2148049,1.196242443,0.5908319888
197.2114168,1.709211891,1.136131648
197.2091711,1.539229302,1.124124976
197.2074388,1.195561906,0.6243418172
197.2039658,1.366419324,0.7996999116
197.2016014,1.387207838,0.9436291195
197.200257,1.159377377,0.6171423395
197.197031,1.746230841,1.145230775
197.1945858,1.552176997,1.171446129
197.1927715,1.157716041,0.6026475565
197.1893599,1.341992776,0.7748283719
197.1868966,1.333637128,0.9034466773
197.1855984,1.12641007,0.5768930167
197.1824525,1.731630614,1.13169005
197.1800415,1.554596921,1.153273746
197.178277,1.175010975,0.5912658619
197.1750793,1.355363309,0.8162499704
197.1725967,1.320963006,0.8804842434
197.1713438,1.126545755,0.5749128056
197.1635745,1.240473087,0.8731285489
197.1594592,1.645462406,1.05249837
197.1572777,1.512251296,1.092495083
197.1556953,1.177517469,0.5952357675
197.1480558,1.244730387,0.8451721152
197.143827,1.57181351,0.9988253467
197.1419211,1.474168242,1.040596723
197.140458,1.18719787,0.6288109616
197.1369209,1.357628603,0.7593460589
197.1346555,1.354095809,0.8933219617
197.1334064,1.153399032,0.6149986525
197.1302383,1.664929365,1.085818936
197.1279918,1.505157695,1.111696697
197.1263492,1.149278887,0.590892265
197.1230458,1.334741607,0.8105277005
197.1205721,1.297676521,0.8828405964
197.1193144,1.095274596,0.5727407037
197.1162176,1.703310883,1.114538018
197.1138648,1.528794282,1.134559572
197.112149,1.155925672,0.5787512196
197.109192,1.319325056,0.7969964846
197.1068723,1.285534976,0.8471572395
197.1057093,1.1071357,0.5669259451
197.1025691,1.26170302,0.7352363015
197.1000541,1.30498602,0.836488535
197.0989003,1.13734213,0.6202326459
197.0956844,1.702823513,1.120496799
197.0932928,1.516703193,1.122805803
