7792.918146,975.5064837,557.5505419
7224.787422,842.5732652,473.4120292
7063.01491,705.3528589,448.0153126
6819.05215,658.2349015,366.5441298
6522.802805,634.5868413,367.6752989
6443.684822,551.3924692,344.5912551
6193.872665,523.3992658,286.5378777
6148.327257,445.008442,263.5801431
6095.490215,382.3075792,278.4365016
6034.189008,303.6237779,203.8503507
5994.061089,298.3944517,189.3594835
5976.164236,253.4419618,129.9718848
5945.902974,249.2529408,129.9481623
5929.492654,238.3410289,150.3102406
5892.393491,264.0043474,156.7947998
5878.199895,232.0703169,134.3763565
5856.094637,242.3487263,139.0609258
5845.430054,215.7342517,119.2576997
5830.457299,197.0296675,109.8025455
5810.938669,227.6357568,135.7716038
5799.961716,200.497649,106.4121549
5785.266665,214.6724661,122.8052322
5777.256348,189.7533432,104.1221692
5760.029339,192.585826,118.2625352
5746.480091,197.8986476,122.4724753
5740.65909,165.6554831,92.50657541
5734.233684,151.9055992,88.44376366
5722.1074,179.5724115,115.3594659
5714.297663,154.4251859,88.75778491
5704.440553,143.3556359,93.40630783
5691.847269,163.0425629,112.5793148
5684.254188,135.5664846,75.75319146
5675.237666,159.01609,98.19996369
5670.177031,137.0136781,74.95280932
5662.760332,151.0956058,91.58761826
5658.441429,130.8102499,72.92171564
5652.278769,121.4098507,69.10066087
5644.35951,144.057298,89.19101606
5639.7113,124.8280921,70.70868797
5634.358796,137.4378464,80.57139042
5632.243746,116.6292092,69.68872375
5626.406187,118.6993712,67.40233876
5620.526217,130.6496117,79.30962387
5617.005257,114.1541468,60.81666743
5612.646542,122.0144812,67.34293197
5607.749505,119.0355546,73.8676504
5604.774914,106.747155,57.02602701
5601.056237,100.2257246,61.49202406
5594.892778,119.0254952,75.38616885
5591.372716,103.6038882,58.33654472
5586.965794,111.2662044,66.92250373
5584.594328,96.93554087,56.64267723
5581.538182,94.3756438,52.2349278
5579.457457,97.49863293,48.91952318
5575.768069,111.5255476,62.51291561
5573.662369,99.67257505,51.28014999
5572.626661,91.76625701,52.08666587
5570.168993,90.33684549,49.37089749
5567.322099,84.5352661,52.36768606
5563.097047,98.23090892,66.41707608
5560.468829,81.91262178,46.20781672
5558.657834,84.91812042,45.27444709
5558.066586,74.92739379,43.01160138
5556.059007,76.30877976,42.86348871
5553.169176,89.36224861,55.31623874
5551.488275,77.39993162,42.14715627
5549.098472,85.52098677,52.43246767
5547.651042,73.57778228,41.10113588
5545.703171,68.63559532,39.65465452
5542.954469,82.68333359,51.79197845
5541.352613,71.35029769,39.05219197
5539.65766,77.83390825,43.73953499
5537.600466,77.2367018,48.4776221
5536.246614,69.44315278,39.74857929
5534.770791,67.0090334,38.65659144
5532.842716,73.1476996,43.59160132
5531.758175,64.53335896,35.1253845
5530.509317,69.57062038,37.27629666
5530.123421,60.89764422,37.27635278
5528.876186,59.54291595,34.09182083
5527.659303,55.30425434,34.51382722
5525.534314,67.64495674,44.16325671
5524.357291,57.8189733,32.32056128
5522.975337,62.30803463,37.45680647
5522.216487,54.38228813,28.12598897
5521.322412,51.63112989,30.55549927
5519.718381,61.19597388,37.2340118
5518.877247,53.6964795,28.9787061
5517.855436,59.36234349,33.65118732
5516.560087,59.07560016,38.26026457
5515.695114,53.5040268,29.97781388
5514.582215,56.45732055,30.86263127
5514.037461,51.33164369,30.03380857
5513.168394,50.32499278,30.62775258
5512.420133,51.53775706,28.82987588
5512.125568,45.64761923,28.04491755
5511.490852,44.23271691,23.73902579
5510.885736,41.90840285,26.54312787
5509.619444,50.84915946,33.3163567
5508.934751,43.65856796,24.48389524
5508.137949,46.58965819,27.7822929
5507.717654,40.90310885,22.41363955
5507.126583,46.39674959,25.93745728
5506.916917,40.39400839,25.70757441
5506.26073,41.13264568,21.30279738
5505.702398,46.003232,25.00551118
5505.519451,40.48842501,24.4559965
5504.997661,40.10247255,21.97887944
5504.266766,45.43123098,25.15216693
5503.90086,41.21343532,21.84612403
5503.260593,47.03891736,27.04619244
5503.064193,40.05729284,23.98531256
5502.531799,40.20012404,21.80578815
5501.979246,37.87584858,24.01236995
5501.050132,43.60604108,28.34624049
5500.561391,37.20344482,21.04829907
5499.95357,41.87365851,24.39902568
5499.774548,35.63700481,23.28965772
5499.293876,35.2987058,18.2647721
5498.888249,38.14556448,20.26735674
5498.746403,33.93662812,19.84895972
5498.389732,34.16395186,18.28198895
5497.822146,39.47020287,23.58656552
5497.497918,34.67710725,18.40716833
5497.06079,39.03428882,22.59688666
5496.910706,33.28543652,19.39808289
5496.553491,33.59024246,18.31361993
5496.212501,31.74425266,20.34202576
5495.542675,36.98959059,23.95435339
5495.195803,31.79709841,17.35026759
5494.803826,36.04392992,21.1349162
5494.667838,30.75604238,18.99539583
5494.350021,30.62893847,16.06501484
5494.043504,29.18555845,17.7674685
5493.455853,35.35181618,22.78229753
5493.136376,30.26079696,16.61943086
5492.752068,34.53106744,20.19625658
5492.627426,29.45992109,18.58948453
5492.326278,29.2041364,15.73400912
5491.972258,32.53751946,19.16252518
5491.762776,28.75763416,15.62163225
5491.436772,32.74099041,19.44487434
5491.322921,27.75171652,17.38526088
5491.058953,27.62984473,14.95712658
5490.857037,25.88305619,15.52609342
5490.440637,30.83002548,18.57290715
5490.232931,27.20118968,14.8946796
5489.941975,31.09208921,18.91241216
5489.83644,26.08524085,16.07302667
5489.601342,26.16011083,14.07388386
5489.335131,28.48254577,16.16595856
5489.184616,25.54465263,14.09798845
5488.919176,29.77964767,18.35893781
5488.822452,24.85566575,15.7042313
5488.609667,24.70809361,13.43144325
5488.448923,23.10285268,13.81404612
5488.121016,26.91403945,15.92974048
5487.96629,23.9743098,13.40812748
5487.717447,28.93569614,18.57773568
5487.629037,23.53732011,15.36255913
5487.427284,23.29673228,12.24803588
5487.227528,26.8460924,15.89178474
5487.151834,22.94290614,13.9900635
5486.992607,22.75081522,12.28112384
5486.778403,24.48108402,13.55783717
5486.665715,22.20468946,12.31232494
5486.452783,26.31841236,16.43436754
5486.375928,21.76947506,13.86432898
5486.204824,21.85317595,11.78202157
5486.077571,20.67157351,12.21564741
5485.817464,23.95292351,13.97981013
5485.696634,21.49169218,11.92175585
5485.49709,25.47336328,16.15627376
5485.424837,20.9123731,13.50374973
5485.267738,20.79923062,10.99260996
5485.10106,24.33473054,14.72076622
5485.039393,20.57003165,12.57885684
5484.91305,20.32444889,10.6630016
5484.746121,21.80863992,11.75082394
5484.659262,20.02077764,10.92488576
5484.486406,23.6703212,14.48257417
5484.424113,19.78572927,12.73023118
5484.284716,19.69963218,10.80636293
5484.180665,18.51957055,11.0338074
5483.970586,21.30432975,12.25359542
5483.876581,19.20080744,10.65213163
5483.710508,22.80300312,14.34087885
5483.651976,18.81571247,12.3235217
5483.521555,18.71497648,9.823205703
5483.385877,21.4043938,12.5328997
5483.334919,18.41564474,11.29601869
5483.233179,18.18545909,9.47401427
5483.100989,19.38951181,10.33678051
5483.032013,17.82457564,9.809593238
5482.885533,21.27637869,12.94196069
5482.834877,17.85824254,11.72478039
5482.717325,17.78353498,9.73094789
5482.631049,16.84961931,9.905111202
5482.460414,19.25009468,10.79067806
5482.386155,17.52927768,9.605064284
5482.242361,20.18667905,11.61987706
5482.19506,17.44382978,11.8277813
5482.082015,17.02181908,8.884648965
5481.975023,19.36895048,11.6473171
5481.932896,16.43103836,9.851643772
5481.85105,16.4535908,8.659997316
5481.761067,15.8772641,9.953608735
5481.593239,17.94167346,10.7895965
5481.513399,15.98312502,9.154144476
5481.385546,19.74125444,13.01854228
5481.341434,15.72881535,10.71412938
5481.242522,15.53593771,8.292580177
5481.13807,18.89515155,11.67528184
5481.102202,15.7549351,10.41282624
5481.022345,15.27456902,7.807326926
5480.958329,14.7730736,8.824360788
5480.819961,17.08650319,10.03670113
5480.750637,15.3365007,8.453740109
5480.641362,18.06712332,11.13137271
5480.603501,15.0017574,10.05595452
5480.512738,14.94019627,7.877846846
5480.421584,17.54662525,10.7209801
5480.388829,14.7314208,9.180430902
5480.321061,14.59421845,7.537448922
5480.264887,13.9723723,8.535765093
5480.142604,15.97526692,9.394159766
5480.080591,14.37004964,8.0885581
5479.977967,17.3530742,10.89957905
5479.944005,14.23225977,9.804712472
5479.860445,13.99782895,7.402366704
5479.776831,16.27135259,9.450058785
5479.748479,14.02675038,9.094506734
5479.68419,13.752134,6.965602375
5479.638366,13.20895346,7.947978661
5479.531799,15.16817859,8.741762605
5479.477201,13.7503046,7.602836303
5479.388046,16.28355952,10.03656806
5479.357891,13.5115139,9.162974386
5479.281697,13.38802212,7.068676095
5479.207256,15.97645793,9.906452701
5479.181314,13.2984665,8.388131563
5479.124913,13.13569629,6.689886275
5479.059277,14.25918424,7.413730114
5479.019551,13.2739776,7.209174351
5478.936785,16.05116346,9.811063398
5478.910613,13.33072648,9.053843563
5478.838386,13.02564982,7.199506367
5478.796948,12.16632742,7.023742621
5478.713943,14.06804181,7.676657709
5478.673646,12.90436383,7.138761081
5478.592855,15.36463484,9.511742696
5478.567431,12.74139551,8.613335791
5478.499439,12.75516864,6.592565189
5478.435001,14.61627258,8.558680121
5478.412952,12.51290102,7.863061179
5478.362974,12.26317498,6.34889772
5478.320958,11.81591088,7.410719123
5478.238833,12.98814597,7.422470452
5478.196552,11.83379239,6.798783867
5478.12073,14.54605148,9.199577937
5478.097651,11.88329537,8.422299691
5478.033475,11.83474931,6.245396541
5477.971891,13.62756748,7.737042162
5477.912429,13.13585524,8.693308309
5477.844153,12.85885183,7.397703073
5477.794871,12.51733803,7.475725921
5477.750192,12.75952625,7.289532452
5477.730948,11.51760435,6.737015534
5477.696778,11.15947126,5.758357128
5477.655413,12.76360858,7.178080332
5477.639297,11.25010075,6.634011384
5477.603314,11.11971705,5.699436941
5477.571169,10.80933353,6.725159905
5477.495907,12.27068558,7.021484874
5477.454319,11.26467487,6.141370306
5477.391929,14.04443686,8.755906152
5477.37388,11.47067974,8.014619493
5477.317696,11.22857386,5.696802838
5477.262024,13.01681484,7.313492776
5477.208285,12.71223771,8.028109869
5477.151462,12.55317371,7.247283376
5477.102681,12.02594612,6.963107817
5477.060623,12.67020677,7.238379174
5477.046046,11.12940246,6.604129017
5477.0123,10.70391111,5.680416211
5476.965266,11.50892647,6.073352706
5476.935527,10.87726075,6.222868781
5476.900708,10.15929365,6.00238718
5476.846265,11.05610769,5.520483742
5476.827457,10.18901904,5.397982887
5476.793999,9.975003783,6.099446887
5476.740233,10.94822351,5.851647424
5476.717006,10.02506846,5.584504825
5476.667242,11.91104819,7.177454014
5476.607269,11.57343111,7.682141217
5476.560547,11.18569353,6.440056982
5476.545084,10.19934952,6.396214395
5476.512663,9.78271382,5.093691012
5476.483931,9.547056861,5.803996199
5476.429025,10.63296731,5.886553226
5476.397653,9.923169615,5.614778294
5476.347939,11.77414596,7.42253498
5476.288685,11.2903234,7.326145587
5476.250469,11.23938922,7.119406281
5476.235277,9.691408004,5.873896189
5476.207104,9.374448508,4.772610031
5476.17594,10.02779716,5.397398015
5476.130657,11.84335345,6.570085785
5476.090031,11.33663812,7.146277951
5476.057901,11.09709688,6.408998158
5476.044333,10.02685026,5.4529138
5476.019632,9.833492711,5.115731176
5475.996286,9.488826728,5.383391509
5475.96735,8.945873481,5.370466268
5475.920708,9.909841995,5.482368191
5475.877752,11.50710197,6.50775277
5475.828215,11.35420366,7.335371484
5475.792041,11.04483662,6.578700504
5475.778293,9.814611888,5.609414823
5475.753407,9.531969584,5.06174093
5475.729208,8.983439234,4.616160691
5475.699665,10.29603917,6.245114196
5475.654324,10.18847865,6.087993195
5475.622231,10.5085127,6.079130505
5475.611053,9.264687189,5.699884428
5475.586265,8.891983664,4.581793867
5475.557354,9.2864666,4.929416298
5475.53391,9.075130685,4.843490184
5475.494529,10.6852862,6.240812596
5475.457768,10.21400154,6.230349336
5475.427228,10.24096509,5.687482501
5475.417027,9.254861905,5.549799387
5475.391804,8.947803256,4.913909442
5475.366395,8.547915646,5.217450832
5475.323064,9.308722525,4.886988621
5475.283843,10.49280613,6.483793703
5475.233729,10.15534754,5.864447342
5475.202147,10.31191403,5.689981705
5475.191952,9.216881126,5.49509285
5475.168156,8.857944106,4.674852695
5475.146252,8.401960454,4.435135375
5475.121462,8.435266961,5.272977057
5475.080116,8.989811704,4.666487839
5475.042171,10.39027787,6.591661332
5474.994172,10.01499849,5.864237342
5474.964259,10.09526911,5.54142268
5474.954936,9.057801967,5.532332913
5474.930623,8.705838045,5.045929003
5474.905279,8.164158688,4.260733321
5474.889734,7.8780265,4.271303618
5474.865124,9.163869049,5.469057095
5474.841001,8.883093139,5.101538819
5474.814593,9.129579676,4.828485927
5474.807026,8.322164145,5.089486964
5474.783384,8.298014744,4.235035942
5474.763121,8.271249342,4.960850641
5474.724255,8.912323284,4.779486042
5474.699794,8.432469342,4.758140776
5474.659632,9.341772845,5.925648401
5474.613601,9.272916051,5.546095824
5474.582712,9.392911339,5.305684249
5474.574587,8.309037425,5.317455191
5474.551351,7.969053043,4.170213325
5474.532949,7.883280871,4.725572464
5474.497459,8.577997082,4.683836468
5474.474059,8.10629932,4.479252144
5474.439909,9.296385203,5.917542828
5474.396652,9.135130791,5.49877687
5474.371073,9.116683467,5.100194978
5474.363037,8.152564517,5.267969339
5474.34222,7.633308109,4.185020408
5474.324043,7.502572266,4.443001613
5474.291731,8.255078249,4.506095023
5474.269857,7.836836876,4.283349804
5474.238602,9.11075762,5.992232376
5474.196781,8.948018604,5.26810864
5474.173532,9.023451246,5.07840707
5474.165969,8.002283084,5.193183021
5474.145709,7.514926307,4.128775195
5474.127963,7.374756632,4.34596375
5474.0969,8.080215578,4.3804133
5474.075727,7.704264304,4.239543824
5474.045832,8.985612154,5.775668483
5474.005388,8.84521198,5.349555195
5473.982697,8.830855446,4.951320267
5473.975417,7.865639293,5.093642117
5473.956183,7.373919284,4.023672486
5473.93952,7.255072486,4.247896435
5473.910625,7.898759715,4.25160549
5473.890209,7.558929609,4.19013711
5473.861215,8.703666538,5.697569255
5473.821612,8.594454356,5.12858207
5473.799745,8.650739546,4.875721976
5473.792719,7.680005247,4.975871264
5473.774026,7.240134205,3.951333843
5473.757746,7.129201801,4.124514358
5473.729906,7.763487025,4.16702618
5473.70985,7.448921605,4.139487618
5473.681715,8.65738498,5.561454975
5473.642915,8.53398287,5.220411088
5473.621759,8.468250708,4.762131678
5473.614893,7.539093999,4.838287442
5473.597204,7.118965931,3.889911821
5473.581609,7.014287835,4.037983428
5473.55541,7.59811688,4.085720549
5473.528214,8.649480702,5.043085705
5473.501919,8.358153795,4.860676298
5473.483651,8.388882254,4.443611344
5473.477575,7.617433092,4.474193253
5473.460879,7.384978941,4.208484259
5473.438914,7.017970462,3.811193778
5473.423689,6.930338333,3.945848904
5473.398294,7.506614424,4.114787846
5473.370943,8.500512749,5.29550634
5473.332954,8.399570093,5.056109167
5473.311877,8.384184062,4.596599535
5473.305595,7.487123861,4.580720326
5473.288769,7.204524168,4.038503072
5473.268909,6.911389952,3.761130923
5473.254206,6.829684456,3.89438939
5473.230035,7.353907943,3.98871596
5473.203891,8.297615947,5.343987448
5473.164685,7.979412936,4.932809616
5473.142564,8.076861345,4.428985627
5473.136732,7.224782771,4.263519551
5473.119565,7.292644043,3.99085686
5473.099639,7.015393496,3.682558843
5473.085316,6.95375857,3.840115532
5473.061754,7.43749744,4.189064785
5473.033115,8.21626086,5.116431149
5472.996903,8.105298742,4.975331992
5472.975038,7.970137413,4.445975052
5472.969243,7.073162705,4.191812177
5472.95303,7.016201445,3.866466936
5472.934287,6.780721649,3.686493094
5472.921282,6.646871971,3.626547449
5472.907477,6.594870226,3.786928522
5472.884788,7.068204643,4.195918219
5472.858373,8.037813164,4.989867912
5472.836258,7.782393672,4.45608
5472.817552,7.73144487,4.082873422
5472.8023,7.655611814,4.736698837
5472.787117,7.277417747,3.848295699
5472.768005,7.037248195,3.86783694
5472.746148,7.457452839,4.515086366
5472.726669,7.609208318,4.446852257
5472.711317,7.268989631,4.23102887
5472.697064,7.272920077,3.580641676
5472.692617,6.735532226,3.928497485
5472.678288,6.813837022,3.565050703
5472.664759,6.773838398,3.877278935
5472.641259,7.123298036,3.826783767
5472.61525,7.765302552,5.067183506
5472.590815,7.299517036,3.772609286
5472.57159,7.115438809,4.198453836
5472.558213,6.571021726,3.678230148
5472.541865,7.491202871,4.765454326
5472.523887,7.213860913,4.063294472
5472.508524,7.063166076,3.732719727
5472.492271,7.239716024,4.264589235
5472.477851,7.530896402,4.43741926
5472.472858,6.522172959,3.487906379
5472.461608,6.582334119,3.442006228
5472.44917,6.57769701,3.866524171
5472.426036,6.905254844,3.785318166
5472.40429,8.16859174,4.67770839
5472.399736,6.898054608,4.340225395
5472.383083,6.816450945,3.760396179
5472.363786,6.575543519,3.7416213
5472.350994,6.366587978,3.429258876
5472.335473,7.359576232,4.640136448
5472.318697,7.103418968,3.985793226
5472.302362,7.101020421,4.261602852
5472.282707,7.152276899,3.861723118
5472.267877,7.305881307,3.84653869
5472.263962,6.472138865,3.630369234
5472.250841,6.558623276,3.38725347
5472.238538,6.562471541,3.8158635
5472.215751,6.870891138,3.69850611
5472.196966,6.658855079,3.662184438
5472.175681,7.625565201,4.850023028
5472.144548,7.603037812,4.742430237
5472.125673,7.105719531,4.25255764
5472.109514,6.826749321,3.719436027
5472.099558,6.991416161,3.54067794
5472.088389,6.855267476,3.961102355
5472.077194,6.88130268,3.564776155
5472.065525,6.860698456,3.794924269
5472.054705,7.134591531,3.756135979
5472.051159,6.431736771,3.548770376
5472.03967,6.453841454,3.336494024
5472.027754,6.471864742,3.763398737
5472.005575,6.776111314,3.700137493
5471.986434,6.590345584,3.662900175
5471.96577,7.36161934,4.684434644
5471.935325,7.432613482,4.572147767
5471.916679,7.018445703,4.256470386
5471.900183,6.706790075,3.521077266
5471.889928,6.838334946,3.624735015
5471.877747,6.712050891,3.625188493
5471.867191,6.854717699,3.562065461
5471.855842,6.770643381,3.723775156
5471.846013,6.863632189,3.387742263
5471.84274,6.306699449,3.389658813
5471.831891,6.357108227,3.300028792
5471.820151,6.37081006,3.726301302
5471.798487,6.660108143,3.671975967
5471.779371,6.437228094,3.558366802
5471.760177,7.44499397,4.558113037
5471.730808,7.544929381,4.85469042
5471.713767,6.948447882,3.954231477
5471.699788,6.706421089,3.787618658
5471.690577,6.804697704,3.342992552
5471.680567,6.726433232,3.907221561
5471.670507,6.701317184,3.327486916
5471.659936,6.714485086,3.744122395
5471.650038,6.822943642,3.440202361
5471.646825,6.221397088,3.318241986
5471.636428,6.275907907,3.253932198
5471.625029,6.303126267,3.675433891
5471.603943,6.585090251,3.650604412
5471.58495,6.410416381,3.517810812
5471.565695,7.334931575,4.582315989
5471.536335,7.405765401,4.690269705
5471.519722,6.801252768,4.002743923
5471.504993,6.536167413,3.445134816
5471.496149,6.690334712,3.376354126
5471.485923,6.59085768,3.682912812
5471.476737,6.592057501,3.247331155
5471.466956,6.588629376,3.623195847
5471.457615,6.744166646,3.414091506
5471.454601,6.124531196,3.226813993
5471.444506,6.204413667,3.222713938
5471.433255,6.226947048,3.633535584
5471.412681,6.499261419,3.623196093
5471.393842,6.276788597,3.452540629
5471.374952,7.111075152,4.506585054
5471.345898,7.239156891,4.432603938
5471.329996,6.714284058,3.97699075
5471.315309,6.430192013,3.313510811
5471.306901,6.752086207,3.3817883
5471.296828,6.637644252,3.817199476
5471.288447,6.447428143,3.180529138
5471.277499,6.483163124,3.574004088
5471.257674,6.763416931,3.524809937
5471.240078,6.626141006,3.859235669
5471.219908,6.887804553,4.352131648
5471.201385,7.327267084,4.624093389
5471.195854,6.020060852,3.7492814
5471.184347,5.842670284,3.162110248
5471.173456,5.871531742,3.237766884
5471.157058,6.278824754,3.529423722
5471.140331,6.103373271,3.338173539
5471.127538,6.081976057,3.335927809
5471.115151,6.139698243,3.683709732
5471.096199,7.213686237,4.21991343
5471.08067,6.977019919,4.39830804
5471.068316,6.485233976,3.5746342
5471.055872,6.457504258,3.59785644
5471.046379,6.447149449,3.353900493
5471.028816,6.730739568,3.613269246
5471.02019,6.60585153,3.544964367
5471.009492,6.572710212,3.775185108
5470.999797,6.506157133,3.4697501
5470.982577,6.371663907,3.677380166
5470.962966,6.580470199,4.107150093
5470.949337,6.477653207,3.583718136
5470.938295,6.336364098,3.436841186
5470.929848,6.59404931,3.34978921
5470.927031,5.995730752,3.381366429
5470.916941,6.012917282,3.150374473
5470.906467,6.021590974,3.512440115
5470.888986,6.189072545,3.364698968
5470.87273,6.012721346,3.36266227
5470.854396,6.840162293,4.304592957
5470.826682,6.992085024,4.349572258
5470.812287,6.58855173,3.855655427
5470.798665,6.316612611,3.505038661
5470.790025,6.332187099,3.216458379
5470.780394,6.274799557,3.483164499
5470.772401,6.221203328,3.053554501
5470.762273,6.274178951,3.414951411
5470.744562,6.486854946,3.40563285
5470.736794,6.646033896,3.538129252
5470.725888,6.612211436,4.103703497
5470.715894,6.26536322,3.378518238
5470.699308,6.091052868,3.394962263
5470.680891,6.447396091,4.081607445
5470.669581,6.371639283,3.320579093
5470.666065,5.843402606,3.551776932
5470.656818,5.590938715,3.041171079
5470.646862,5.627145893,3.248405065
5470.63066,5.929734912,3.250990328
5470.615957,5.798835055,3.161006307
5470.600558,6.550137936,4.253990725
5470.574471,6.722972399,4.071261733
5470.56218,6.36387964,3.352975789
5470.558492,5.738507473,3.391606477
5470.548503,5.60874681,3.058742198
5470.537946,5.663176757,3.217636511
5470.522121,5.935042463,3.191704639
5470.507726,5.824795237,3.158974795
5470.492808,6.536303271,4.303947437
5470.467462,6.587567912,3.846342336
5470.455946,6.440987595,3.460085086
5470.44657,6.197488655,3.825216499
5470.43921,5.849244558,3.034595297
5470.429157,5.876687274,3.229188306
5470.413474,6.11448932,3.295609204
5470.405318,6.373430045,3.405911343
5470.394887,6.433964344,4.047228413
5470.385335,6.036884339,3.238152429
5470.370086,5.909667491,3.410135542
5470.352492,6.161191856,3.957993039
5470.340107,6.125367554,3.112757915
5470.331611,6.115728932,3.722934249
5470.323136,5.886494637,2.97343133
5470.313283,5.948982496,3.183659734
5470.297891,6.19824337,3.398904343
5470.28997,6.235659388,3.31931927
5470.279959,6.342581633,3.931890166
5470.269352,5.978995866,3.220951874
5470.254262,5.823582393,3.237003312
5470.236476,6.202771443,3.936764432
5470.224364,6.098045103,3.209360611
5470.216192,5.972256718,3.547098499
5470.208068,5.758915481,2.970456661
5470.198432,5.792958398,3.182234966
5470.183221,6.016238179,3.190929707
5470.175447,6.103693116,3.349529395
5470.165074,6.206671887,3.781032735
5470.154796,5.832229443,3.179854315
5470.140042,5.708689307,3.383503964
5470.122133,6.000722831,3.714897944
5470.11029,6.01285625,3.201028269
5470.101642,5.910318961,3.493916501
5470.093716,5.686178507,2.902822532
5470.084321,5.753526711,3.132580217
5470.069319,5.996342422,3.086791236
5470.06183,6.11182658,3.396547449
5470.051558,6.161364797,3.725279368
5470.041802,5.754349971,3.14042901
5470.02742,5.608479942,3.296975067
5470.009977,5.95822204,3.609289184
5469.998796,6.006570586,3.204152582
5469.990642,5.860103957,3.477880028
5469.983359,5.588884718,2.90449613
5469.974113,5.630929682,3.114406889
5469.959506,5.844918598,3.066575273
5469.952153,5.995709447,3.264684178
5469.942298,6.100595601,3.753949506
5469.93291,5.700523378,3.100198372
5469.918814,5.590490253,3.256479152
5469.902498,5.891225518,3.680879267
5469.891783,5.871788266,3.069033336
5469.88444,5.753047367,3.480598548
5469.877176,5.463976143,2.859681692
5469.868059,5.534198993,3.030347694
5469.853911,5.78232854,3.060194945
5469.846605,5.927062373,3.159694194
5469.837123,6.076627595,3.751935497
5469.827485,5.685917217,3.07746113
5469.813641,5.545503585,3.176547887
5469.797387,5.901133693,3.677586966
5469.786553,5.857667864,3.072043658
5469.77919,5.731871036,3.441261659
5469.771881,5.467674726,2.87430039
5469.762769,5.509001241,3.021491293
5469.74889,5.723702275,3.01453532
5469.741655,5.873679688,3.211701849
5469.732045,6.00396536,3.698516545
5469.722376,5.602940209,3.037390207
5469.708794,5.498278016,3.249783973
5469.692331,5.799729268,3.608830703
5469.681417,5.797194092,3.080299539
5469.67367,5.683954591,3.391748223
5469.666293,5.446658387,2.821524707
5469.657416,5.516068871,2.98573621
5469.643639,5.742934882,2.963986616
5469.636519,5.884532026,3.28021554
5469.626784,5.961054684,3.627797978
5469.617361,5.560760899,3.005421052
5469.604065,5.430384806,3.221672894
5469.587516,5.773480017,3.507185582
5469.576876,5.819212813,3.131604874
5469.568939,5.677558207,3.36720898
5469.561843,5.446376851,2.818330224
5469.553122,5.491343892,2.994487103
5469.539511,5.680451596,2.946135173
5469.532617,5.84484309,3.277745238
5469.52297,5.908978001,3.635956851
5469.513822,5.499125433,2.966164407
5469.500787,5.406081776,3.253534065
5469.484615,5.692141393,3.503662945
5469.474216,5.750374021,3.087778559
5469.466477,5.61862208,3.379273443
5469.459431,5.362652556,2.764627353
5469.450907,5.437855526,2.937350738
5469.437506,5.648620643,2.902077449
5469.430597,5.842800175,3.265276077
5469.42098,5.908225661,3.63919797
5469.412491,5.480001589,2.942975859
5469.399686,5.356680781,3.114728736
5469.384471,5.691632978,3.513377991
5469.374741,5.695614417,3.03900161
5469.367691,5.55108535,3.347551416
5469.36101,5.285278602,2.770910028
5469.35254,5.334919208,2.923190667
5469.339534,5.52441899,2.932936381
5469.3328,5.692759277,3.097952076
5469.323742,5.836985177,3.648906555
5469.314667,5.428131372,2.910909249
5469.30208,5.337756468,3.146096369
5469.286777,5.634237832,3.537878729
5469.276659,5.624160797,2.982447407
5469.269577,5.506074687,3.336846708
5469.262731,5.236086523,2.726852564
5469.254378,5.31359529,2.870773531
5469.241551,5.52565458,2.869408081
5469.234827,5.692760156,3.145566572
5469.225684,5.796765313,3.5714913
5469.216715,5.422716784,2.890153262
5469.204327,5.302730425,3.128508116
5469.188804,5.635611541,3.474026816
5469.178683,5.63799917,3.051789485
5469.171114,5.50431318,3.268170806
5469.164321,5.26165646,2.73346322
5469.156061,5.310673499,2.893487467
5469.14335,5.478961073,2.782609359
5469.136756,5.683859801,3.232121125
5469.127471,5.738524862,3.536760883
5469.118654,5.334045052,2.849081903
5469.106529,5.251979749,3.214216809
5469.090799,5.525313843,3.375752575
5469.080775,5.581611763,3.072252268
5469.072889,5.446888207,3.213255284
5469.06621,5.269794812,2.68963981
5469.059263,5.333918381,2.975161587
5469.051847,5.404702174,2.673554119
5469.04384,5.482496953,2.899071934
5469.030829,5.605821806,2.996975476
5469.024661,5.554714632,3.072227822
5469.015894,5.587790199,3.319817042
5469.007793,5.461094338,2.851917854
5468.995521,5.379291336,3.190605761
5468.980428,5.588391812,3.543185304
5468.970915,5.448806725,2.955626431
5468.96404,5.313833315,3.081067442
5468.957801,5.238530646,2.661446865
5468.950029,5.294547118,2.847739241
5468.937772,5.430446255,2.997235542
5468.931305,5.459563787,3.003833251
5468.922866,5.553199801,3.396912658
5468.914545,5.393669702,2.910137833
5468.911597,4.88003654,2.819496933
5468.899716,4.745182786,3.11190051
5468.884388,5.221966827,2.859633521
5468.875145,5.598535228,3.09653223
5468.866287,5.453465654,3.207416938
5468.85948,5.260447498,2.829583616
5468.852069,5.260614602,2.825918016
5468.84568,5.440742603,2.640906196
5468.843742,4.996686367,2.832001966
5468.836141,5.041516657,2.637480047
5468.828232,5.127050438,2.873067954
5468.815407,5.265482125,2.863318097
5468.802355,5.810743454,3.306261461
5468.789854,5.71166132,3.263106016
5468.781074,5.550531287,3.059636791
5468.771501,5.422641642,2.881095943
5468.765354,5.506291013,2.856496809
5468.752911,5.370742188,3.283076025
5468.738032,5.603943334,3.232120317
5468.730202,5.517141045,3.161832228
5468.722744,5.242772641,2.932462521
5468.71744,5.13750267,2.612823694
5468.709967,5.195352995,2.909618048
5468.697196,5.271887461,2.816886498
5468.69115,5.395841688,2.976383603
5468.682815,5.471367123,3.343973089
5468.675569,5.254164864,2.742740116
5468.664241,5.192044074,3.07054681
5468.650484,5.420564743,3.463333646
5468.641886,5.326766541,2.855213933
5468.634731,5.288678193,3.288248342
5468.627622,5.163892408,2.651407488
5468.625146,4.782028863,2.555224627
5468.617801,4.880449548,2.784705555
5468.605735,5.047026462,2.686445566
5468.595013,4.989273439,3.152944227
5468.580174,5.372734619,3.345453475
5468.564172,5.658807152,3.204278646
5468.561397,4.816782763,2.920677178
5468.551976,4.990554904,2.593426379
5468.544425,5.050372222,2.630043579
5468.533881,5.245976293,2.892286643
5468.520347,5.738344095,3.242855964
5468.508178,5.630623911,3.310273162
5468.499856,5.435210318,3.027985666
5468.49032,5.307884227,2.827358555
5468.478213,5.205315521,2.915668639
5468.469706,5.126711464,3.098289793
5468.461302,5.399871958,3.045043305
5468.453258,5.356580312,3.17333432
5468.446548,5.138497303,2.622340093
5468.438458,5.208703544,2.761537163
5468.426633,5.338576264,2.869316386
5468.421285,5.474803878,2.960143835
5468.412684,5.560579891,3.537813629
5468.405272,5.263681534,2.740973667
5468.402763,4.823404623,2.668127312
5468.392111,4.719407699,3.095407071
5468.377871,5.118426792,2.732620347
5468.369971,5.349256667,3.076914988
5468.361581,5.137647972,2.808755078
5468.355948,5.167456627,2.623808038
5468.349687,5.192700637,2.931966523
5468.344314,5.07999938,2.548278498
5468.337301,5.128935367,2.836250893
5468.325575,5.199270869,2.775853892
5468.319787,5.298569554,2.854266034
5468.312361,5.371321582,3.377766453
5468.305462,5.007620697,2.682271689
5468.294481,4.894060723,2.891994519
5468.281292,5.207148426,3.224206105
5468.2722,5.218965435,3.018545286
5468.264576,5.076436526,2.904572962
5468.258921,4.996581522,2.575118017
5468.252352,5.045621197,2.822719829
5468.245676,5.067371878,2.512925805
5468.238945,5.144533815,2.907181075
5468.232815,5.104570366,2.480887937
5468.226901,5.114544823,2.879979335
5468.220718,5.14792035,2.491949553
5468.218938,4.735429524,2.567132699
5468.212157,4.819691083,2.476991609
5468.205225,4.917015246,2.774870363
5468.193303,5.023814257,2.721363267
5468.181638,5.44476506,3.089791406
5468.170466,5.352222256,2.993532793
5468.163398,5.147879744,2.721415787
5468.152003,5.065672976,3.189967234
5468.138518,5.203105739,3.02567701
5468.132048,5.190869844,2.741213912
5468.126728,4.978957317,2.981956022
5468.121855,4.724758468,2.483230839
5468.115035,4.79132331,2.728092769
5468.103654,4.917806175,2.582221766
5468.098357,5.211155408,2.744235478
5468.09611,4.69686609,2.900547652
5468.087947,4.828359203,2.634914926
5468.077476,4.725368203,2.72899472
5468.06968,4.754785004,2.739300651
5468.061352,5.172871654,3.147439024
5468.053123,5.099432045,2.95825367
5468.045978,4.88464269,2.614402811
5468.038131,5.04764228,2.868671589
5468.031391,5.186307182,2.790742235
5468.029356,4.611634312,2.499777544
5468.023142,4.718412352,2.444628909
5468.016229,4.820609205,2.704437288
5468.00485,4.941131816,2.708461057
5467.993448,5.601175062,3.064542022
5467.982917,5.536706417,3.405878333
5467.975074,5.107508841,2.669057264
5467.964156,5.021402162,3.181088308
5467.949539,5.204887179,3.035153488
5467.94259,5.324013272,2.804930101
5467.936674,5.114005726,3.15429799
5467.931813,4.762418079,2.449809293
5467.92512,4.827066235,2.703627956
5467.913962,4.931664309,2.575191884
5467.908719,5.210486845,2.806823488
5467.901115,5.312043854,3.393321224
5467.894421,4.923501694,2.59042269
5467.884285,4.822211572,2.840802517
5467.871937,5.102615486,3.229091143
5467.864647,5.129654869,2.816762315
5467.862394,4.602897684,2.826783435
5467.856254,4.459110374,2.394411335
5467.849635,4.567128688,2.575842067
5467.839348,4.736031053,2.566685224
5467.829124,5.3176506,3.017664121
5467.818823,5.325290105,3.166170568
5467.812127,4.983678808,2.599558151
5467.801904,4.901834708,2.94915407
5467.789692,5.09313851,3.087421455
5467.783149,5.126432624,2.67653613
5467.781058,4.681453647,2.927926342
5467.774874,4.447024231,2.448129526
5467.768011,4.508913313,2.612556025
5467.757576,4.629506739,2.519696023
5467.747684,5.350917211,2.96931633
5467.73753,5.370461176,3.365685853
5467.730758,4.918326502,2.543548799
5467.720967,4.816609069,2.96431269
5467.708378,5.030835563,3.001285663
5467.701739,5.236260383,2.904416675
5467.699776,4.623773699,2.9469254
5467.692757,4.488341592,2.362611946
5467.686316,4.59005062,2.602064214
5467.675893,4.719516834,2.624541127
5467.665197,5.378837755,3.063894011
5467.654567,5.342655152,3.320879076
5467.646727,4.917327846,2.530929374
5467.63698,4.842389301,3.029568758
5467.622898,5.030201695,3.024194847
5467.615787,5.078880939,2.686440979
5467.613708,4.567144915,2.76491155
5467.60766,4.437906691,2.375803621
5467.601285,4.504228205,2.612068634
5467.590947,4.60343815,2.521913252
5467.581001,5.134684386,2.947394545
5467.571128,5.113690107,3.015402501
5467.564371,4.829141559,2.502620247
5467.554829,4.721489759,2.942480884
5467.542502,4.933760084,2.918385511
5467.536287,5.083456645,2.7781915
5467.534329,4.528243304,2.873609796
5467.528257,4.302028491,2.313594255
5467.522042,4.410176466,2.561377642
5467.511868,4.545945068,2.44151352
5467.502615,5.24363148,2.928943182
5467.493053,5.238701196,3.23233843
5467.486575,4.813404632,2.464645278
5467.477369,4.753289695,2.994864953
5467.465261,4.903822202,2.876747611
5467.459059,5.048333149,2.674461001
5467.4572,4.53696425,2.879279427
5467.451059,4.310511121,2.337549267
5467.444835,4.37906666,2.567863732
5467.434854,4.483861002,2.425425089
5467.425697,5.147042661,2.925383465
5467.416093,5.138338034,3.148108192
5467.409681,4.737238908,2.437367227
5467.403831,4.706953449,2.63310914
5467.399169,4.722659655,2.468562606
5467.38982,4.653655861,2.787476037
5467.379414,4.89162738,2.956827617
5467.372913,4.775793976,2.676288811
5467.367255,4.623522927,2.623644217
5467.362799,4.632891928,2.300253549
5467.361198,4.288554077,2.38165165
5467.355662,4.40652114,2.280766401
5467.349587,4.510454765,2.565538896
5467.339391,4.614472786,2.562307772
5467.329317,5.167282094,2.86013737
5467.320042,5.120827346,3.102442498
5467.31363,4.77532374,2.472475932
5467.307592,4.722721871,2.599026755
5467.302823,4.894968454,2.474448052
5467.293424,4.776772216,2.772152207
5467.282618,5.049268717,3.134362314
5467.276166,4.800528273,2.715836874
5467.270352,4.617707059,2.572113563
5467.265914,4.757490037,2.448502872
5467.264426,4.322309543,2.432116785
5467.258762,4.413020207,2.287929653
5467.25287,4.482492812,2.578115176
5467.242766,4.552902931,2.509549061
5467.232623,5.050251064,2.923150715
5467.223055,4.97403224,2.885521266
5467.216591,4.752427616,2.613402712
5467.209457,4.673988686,2.45604127
5467.200149,4.600137207,2.558194398
5467.193369,4.602245482,2.798578491
5467.186636,4.853329501,2.69955448
5467.180682,4.810974575,2.954910091
5467.175486,4.503840817,2.240031727
5467.169696,4.602197358,2.524794172
5467.159775,4.71644609,2.544381197
5467.155066,4.983488262,2.733956466
5467.153206,4.39843979,2.797402246
5467.145988,4.44999267,2.357365682
5467.137592,4.367550023,2.533896182
5467.13102,4.38858745,2.512677591
5467.123922,4.767704264,2.987142612
5467.11645,4.6740012,2.583981689
5467.110158,4.575417214,2.708153361
5467.101856,4.647299442,2.39225882
5467.096367,4.67855838,2.332152128
5467.090747,4.674151752,2.595960357
5467.086132,4.590834776,2.305789279
5467.081607,4.556948602,2.451325626
5467.077217,4.48046319,2.261800553
5467.071443,4.550294194,2.541621615
5467.061514,4.596079949,2.401822919
5467.056856,4.663758711,2.465434812
5467.051029,4.728185361,2.856035541
5467.04546,4.441595452,2.406367484
5467.036506,4.332048191,2.589643234
5467.026225,4.613361604,2.806929219
5467.019811,4.620056141,2.53822794
5467.015129,4.463303082,2.608218852
5467.010919,4.260375855,2.21690476
5467.005309,4.35579854,2.410116657
5466.996276,4.478814117,2.33882681
5466.991557,4.64658648,2.483404
5466.985691,4.757745618,2.920227473
5466.979915,4.413126983,2.356415912
